Contents of a std::vector<recob::Hit>

i = 0
30170
3622
3641
3632.67
0.331761
4.14767
6.60554
0.457441
66.975
65.53
66.4312
0.562135
1
0
0.1741
16
2
i = 1
29541
3626
3643
3633.09
0.238874
3.95453
9.09944
0.472228
85.905
83.51
86.9776
0.429329
1
0
0.11665
14
1
i = 2
28457
3624
3642
3633.09
0.173198
3.14903
10.8884
0.518913
87.24
80.37
85.5371
0.319641
1
0
0.444997
15
0
i = 3
29542
3627
3639
3633.25
0.268825
3.11193
7.18841
0.536778
52.835
52.835
52.7196
0.565513
1
0
0.0556131
9
1
i = 4
30171
3622
3642
3633.51
0.143182
3.68499
14.2919
0.481438
131.575
124.26
129.98
0.248295
1
0
0.146647
17
2
i = 5
28456
3625
3645
3634.06
0.24721
3.49919
8.04555
0.492619
71.3
64.385
70.2559
0.434197
1
0
0.18008
17
0
