Contents of a std::vector<recob::Hit>

i = 0
9403
1316
1373
1324.58
0.103114
2.36381
17.1982
0.604526
792.095
106.6
101.897
0.224312
3
0
8.68529
48
2
i = 1
8000
1316
1358
1325.25
0.162807
2.80887
14.5354
0.56198
419.07
102.63
102.316
0.315366
2
0
2.47897
36
0
i = 2
8605
1321
1330
1325.78
0.148026
2.27617
11.116
0.625462
60.13
57.355
59.6608
0.3584
1
0
0.086775
6
1
i = 3
8604
1319
1341
1330.07
0.213146
5.55043
12.0365
0.400304
157.86
157.86
159.363
0.329844
1
0
1.01131
19
1
i = 4
9402
1317
1375
1331.07
0.111507
5.96707
23.3643
0.378451
690.51
325.045
346.928
0.152227
2
0
7.69255
52
2
i = 5
8001
1317
1373
1335.24
0.112966
6.59279
30.7128
0.37292
677.225
466.375
506.422
0.165559
3
0
3.35045
47
0
i = 6
8608
1327
1344
1335.49
0.311039
3.13397
6.05158
0.520623
48.135
44.5
47.2009
0.577676
1
0
0.191681
14
1
i = 7
8002
1324
1379
1335.52
0.581291
5.71698
7.8086
0.404205
414.05
100.77
109.93
0.887014
4
0
0.115911
43
0
i = 8
8607
1329
1343
1335.73
0.0960542
2.92059
18.9882
0.54196
136.475
125.52
136.737
0.188898
1
0
0.0929527
11
1
i = 9
9404
1322
1349
1336.1
0.114663
3.92598
18.3564
0.464314
190.295
163.265
180.488
0.188769
1
0
2.95807
24
2
i = 10
8000
1316
1358
1336.37
0.106908
4.23971
27.2335
0.461628
419.07
272.19
289.42
0.189484
2
1
2.47897
36
0
i = 11
8605
1332
1345
1337.42
0.207081
2.76192
8.64764
0.560691
58.64
54.845
58.6397
0.430401
1
0
0.116722
10
1
i = 12
8606
1330
1350
1337.6
0.109304
3.43308
18.0987
0.499442
160.3
140.11
154.317
0.197553
1
0
1.77807
17
1
i = 13
9403
1316
1373
1338.86
0.07446
5.54169
39.393
0.407118
792.095
503.27
547.2
0.131119
3
1
8.68529
48
2
i = 14
8002
1324
1379
1350.97
1.51784
4.1032
7.70723
0.836185
414.05
64.615
79.2704
4.29005
4
1
0.115911
43
0
i = 15
8001
1317
1373
1351.32
0.453574
3.43452
8.81563
0.677673
677.225
103.74
75.8944
1.07267
3
1
3.35045
47
0
i = 16
8002
1324
1379
1356.62
0.705028
1.95844
3.96598
3.41268
414.05
43.105
19.4693
12.135
4
2
0.115911
43
0
i = 17
9403
1316
1373
1361.63
0.435138
6.99999
7.38916
0.370447
792.095
176.765
121.875
0.722717
3
2
8.68529
48
2
i = 18
8001
1317
1373
1362.1
0.608073
4.56404
8.42378
0.454632
677.225
100.18
95.2894
0.888899
3
2
3.35045
47
0
i = 19
9402
1317
1375
1362.74
0.126577
6.47012
21.7757
0.367328
690.51
328.955
341.019
0.174062
2
1
7.69255
52
2
i = 20
8002
1324
1379
1365.24
0.177595
4.12813
19.7395
0.491135
414.05
198.02
204.126
0.309948
4
3
0.115911
43
0
i = 21
8607
1355
1372
1365.5
0.358123
4.05756
6.31471
0.469661
61.005
59.375
59.573
0.654902
1
0
0.0961942
14
1
i = 22
8606
1355
1375
1367.07
0.0846254
3.76323
24.5488
0.478145
229.31
216.78
225.95
0.147636
1
0
1.28688
17
1
i = 23
8605
1357
1375
1367.94
0.0961904
3.44095
20.6917
0.500696
174.825
164.02
173.432
0.176543
1
0
0.617662
15
1
i = 24
8003
1358
1379
1367.95
0.0823101
3.66045
24.705
0.481384
226.455
212.985
225.768
0.141005
1
0
0.415814
18
0
i = 25
9401
1358
1377
1368.93
0.0434606
2.90299
41.6577
0.540295
302.605
273.34
301.795
0.0834306
1
0
0.0547512
16
2
i = 26
8004
1362
1380
1369.25
0.1245
3.0988
15.0629
0.524639
116.275
110.87
116.249
0.234701
1
0
0.0846924
15
0
i = 27
7996
1420
1437
1430.19
0.1052
3.12953
17.9691
0.523492
139.045
133.29
137.904
0.199808
1
0
0.0428574
14
0
i = 28
9407
1422
1450
1430.33
0.0572187
2.94949
42.1297
0.539892
504.16
272.625
311.069
0.110938
2
0
0.175276
22
2
i = 29
7995
1424
1438
1431.43
0.0998927
3.22662
19.3597
0.519813
151.24
146.935
150.913
0.193836
1
0
0.200603
11
0
i = 30
8609
1424
1440
1431.44
0.34059
3.87029
6.26469
0.47722
58.47
55.385
58.4539
0.618382
1
0
0.219056
13
1
i = 31
8608
1423
1442
1432.01
0.0817261
3.87139
25.6777
0.470291
243.595
233.01
245.725
0.139023
1
0
0.786685
16
1
i = 32
8607
1422
1448
1433.65
0.100585
5.11141
23.9778
0.409168
301.685
289.45
303.538
0.148729
1
0
1.39466
23
1
i = 33
7994
1424
1454
1434.26
0.236595
2.87194
10.3066
2.529
318.56
99.81
74.1898
4.15687
2
0
0.225146
24
0
i = 34
9408
1423
1446
1435.01
0.0597187
3.48193
33.193
0.493066
293.995
263.665
289.298
0.104426
1
0
0.564313
20
2
i = 35
7993
1429
1455
1438.33
0.195137
4.34474
11.4252
0.444564
124.745
115.88
122.964
0.315446
1
0
0.169678
23
0
i = 36
8606
1422
1449
1440.61
0.236407
6.87339
14.2272
0.366395
220.975
212.53
213.768
0.345191
1
0
1.74043
24
1
i = 37
7994
1424
1454
1440.67
0.852246
6.03544
16.4225
1.15868
318.56
207.18
243.771
1.76833
2
1
0.225146
24
0
i = 38
9407
1422
1450
1440.89
0.117588
3.52898
22.1936
0.50229
504.16
216.685
194.911
0.225585
2
1
0.175276
22
2
i = 39
8605
1435
1464
1445.87
5.98089
5.4841
7.58899
75.0843
223.07
89.96
102.281
2166.31
2
0
0.470938
23
1
i = 40
9406
1436
1462
1447.67
0.0867528
4.15735
24.9738
0.451475
257.88
245.41
259.705
0.139148
1
0
0.243198
23
2
i = 41
7995
1440
1457
1447.79
0.308697
4.09812
7.11864
0.463777
69.975
67.745
70.3594
0.544712
1
0
0.251608
14
0
i = 42
7996
1439
1484
1448.32
2.43965
4.85529
4.5124
2.27373
524.84
65.81
53.7452
12.023
3
0
0.240925
36
0
i = 43
8604
1439
1488
1449.21
0.761461
3.6812
5.58894
0.818395
499.4
58.46
51.4806
1.77996
3
0
0.278115
40
1
i = 44
8605
1435
1464
1451.35
48.392
6.99975
7.12798
56.9275
223.07
133.11
118.916
2245.95
2
1
0.470938
23
1
i = 45
9405
1441
1487
1461.02
0.177341
6.85835
24.0655
0.365741
911.745
389.77
413.109
0.243252
2
0
1.36822
40
2
i = 46
7996
1439
1484
1462.07
1.05903
6.99888
12.4783
0.462122
524.84
203.66
218.593
2.97271
3
1
0.240925
36
0
i = 47
8604
1439
1488
1462.7
0.414731
6
12.2424
0.448628
499.4
170.435
184.115
1.43154
3
1
0.278115
40
1
i = 48
8603
1469
1481
1474.15
0.452045
4.59643
6.51922
0.481505
60.18
60.18
60.6788
1.10035
1
0
0.162154
9
1
i = 49
7995
1465
1481
1474.97
0.114047
3.16503
16.8689
0.524342
131.34
124.865
128.462
0.222538
1
0
0.177957
13
0
i = 50
9405
1441
1487
1475.44
0.0434309
3.38298
59.8008
0.599732
911.745
493.705
506.839
0.090945
2
1
1.36822
40
2
i = 51
8605
1468
1482
1475.6
0.0696173
2.98355
26.5582
0.53752
194.375
179.21
193.33
0.136959
1
0
0.020697
11
1
i = 52
8604
1439
1488
1475.71
0.139212
3.53748
29.5456
0.90166
499.4
255.925
261.877
0.362676
3
2
0.278115
40
1
i = 53
7996
1439
1484
1475.74
0.115426
3.29148
30.9445
1.43768
524.84
243.615
253.014
0.611299
3
2
0.240925
36
0
i = 54
7997
1468
1483
1476.45
0.126047
3.11304
14.9953
0.526212
116.765
110.49
113.799
0.24277
1
0
0.61011
12
0
i = 55
9404
1468
1483
1476.74
0.224771
3.05055
8.33763
0.531971
62.605
60.365
61.8383
0.438833
1
0
0.00798031
12
2
i = 56
7984
1761
1778
1772.2
0.26964
3.83475
8.31427
0.484277
75.685
71.8
73.1931
0.511163
1
0
0.178592
14
0
i = 57
9425
1762
1785
1773
0.0623319
3.12648
30.1333
0.52028
237.105
220.15
236.1
0.114967
1
0
0.0201058
20
2
i = 58
8628
1763
1780
1773.04
0.147383
3.12858
12.8106
0.523124
99.285
94.925
98.5075
0.278884
1
0
0.043889
14
1
i = 59
7985
1765
1784
1773.34
0.100665
3.23908
19.01
0.512021
153.165
144.64
153.745
0.183778
1
0
0.080468
16
0
i = 60
8627
1764
1785
1774.67
0.0808078
3.75061
25.4741
0.475644
238.615
222.945
238.127
0.136858
1
0
0.195883
18
1
i = 61
7986
1766
1784
1775.83
0.0933565
3.60229
21.6929
0.487585
193.31
185.045
192.277
0.164713
1
0
0.117731
15
0
i = 62
9424
1768
1788
1776.58
0.0732562
3.04217
25.2982
0.527735
193.05
183.235
192.622
0.13731
1
0
0.0484205
17
2
i = 63
8626
1768
1808
1777.52
0.143221
3.8666
21.9038
0.678862
350.65
188.875
211.301
0.333162
2
0
0.999318
34
1
i = 64
7987
1769
1794
1778.63
0.129592
4.36505
17.2183
0.443024
197.775
169.785
186.445
0.207927
1
0
3.94457
22
0
i = 65
8625
1768
1813
1778.88
0.30417
3.55592
7.94446
0.613951
390.32
74.13
70.765
0.718791
2
0
0.364898
39
1
i = 66
9423
1770
1795
1779.21
0.102363
4.01528
20.8708
0.461224
217.115
198.015
208.433
0.170079
1
0
2.39313
22
2
i = 67
7988
1770
1802
1786.87
0.247122
7.33904
11.798
0.344536
207.95
204.29
210.108
0.317439
1
0
0.516443
29
0
i = 68
9422
1772
1803
1789.71
0.121078
5.2124
20.0531
0.403708
264.805
246.63
260.109
0.174409
1
0
0.801781
28
2
i = 69
8626
1768
1808
1792.42
0.760479
7.49996
7.23721
0.354825
350.65
156.445
132.989
1.00177
2
1
0.999318
34
1
i = 70
7989
1776
1808
1795.13
0.218035
5.93873
11.9498
0.380147
178.545
165.52
174.508
0.301099
1
0
0.333113
29
0
i = 71
8625
1768
1813
1796.03
0.319024
8.8889
14.832
0.331898
390.32
315.11
319.722
0.44569
2
1
0.364898
39
1
i = 72
9421
1785
1811
1798.46
0.106572
4.48231
21.1113
0.434916
235.975
219.63
236.138
0.164813
1
0
0.074517
23
2
i = 73
7990
1788
1817
1802.85
0.183001
5.77999
13.9952
0.384389
199.475
191.87
200.141
0.253281
1
0
0.649999
26
0
i = 74
9420
1792
1814
1805.76
0.10355
3.63058
19.6256
0.485215
177.74
168.05
175.693
0.181224
1
0
0.0400684
19
2
i = 75
8624
1799
1813
1807.16
0.268113
3.57303
7.87673
0.501947
66.03
65.565
65.2972
0.529678
1
0
0.0190071
11
1
i = 76
7991
1796
1817
1808.19
0.162635
5.22711
15.5861
0.413625
193.505
189.945
191.305
0.262008
1
0
0.0951579
18
0
i = 77
9419
1801
1829
1810.99
0.124775
3.42684
22.1398
0.507356
327.5
165.81
189.975
0.234631
2
0
0.0233558
22
2
i = 78
8623
1797
1827
1811.2
0.987918
5.31171
14.7859
1.1629
400.875
192.52
195.932
2.39213
2
0
0.120574
24
1
i = 79
7992
1801
1828
1813.34
0.593117
5.68616
14.0746
0.439231
255.47
157.72
196.954
0.76958
2
0
0.164888
21
0
i = 80
9418
1805
1832
1819.1
0.102697
4.72843
22.5049
0.42356
267.9
250.025
265.326
0.154814
1
0
0.291259
24
2
i = 81
7993
1807
1829
1820.11
0.171464
4.80005
13.8842
0.426978
162.315
156.12
159.996
0.275068
1
0
0.833897
19
0
i = 82
9419
1801
1829
1821.05
0.136529
2.94255
18.828
0.542315
327.5
153.09
138.109
0.261433
2
1
0.0233558
22
2
i = 83
8624
1815
1824
1821.38
0.337678
2.64694
7.34903
0.59639
40.49
40.185
38.3102
0.791448
1
0
0.0734068
6
1
i = 84
7992
1801
1828
1821.73
0.225748
2.42398
9.70092
1.5745
255.47
88.23
58.4578
1.83175
2
1
0.164888
21
0
i = 85
8622
1814
1858
1821.79
0.483624
4.75364
6.68131
0.438522
458.86
81.76
76.4066
0.888351
2
0
1.56348
38
1
i = 86
8623
1797
1827
1822.44
0.49793
4.58217
21.162
1.37855
400.875
202.92
197.576
2.40921
2
1
0.120574
24
1
i = 87
7994
1812
1839
1826.33
0.204154
5.88274
12.7281
0.38322
182.79
176.995
183.001
0.28745
1
0
0.195904
24
0
i = 88
9417
1814
1843
1827.42
0.120166
4.51595
18.7879
0.433033
216.215
201.595
212.374
0.184656
1
0
0.153851
26
2
i = 89
7995
1822
1843
1832.61
0.151595
4.52541
15.0019
0.436243
166.5
163.045
166.566
0.241632
1
0
0.274874
18
0
i = 90
8623
1831
1849
1833.94
0.458405
5.92385
15.4383
0.413889
157.275
147.96
163.303
0.580629
1
0
0.257333
15
1
i = 91
9416
1823
1849
1834.16
0.0834742
3.51557
23.861
0.490686
212.335
200.27
210.172
0.145246
1
0
0.0667121
23
2
i = 92
7996
1826
1845
1836.38
0.120701
4.01861
17.7797
0.463096
175.855
170.785
174.669
0.204505
1
0
0.186442
16
0
i = 93
9411
1828
1850
1837.22
0.0600741
2.83
29.7469
0.546879
213.975
194.72
210.958
0.116484
1
0
0.204263
19
2
i = 94
8621
1826
1876
1837.37
0.12477
2.92281
29.2056
1.04056
568.035
228.605
213.967
0.472202
3
0
0.222934
41
1
i = 95
8004
1831
1845
1837.41
0.1413
2.90149
12.8798
0.544098
91.765
85.58
92.2336
0.279637
1
0
0.071078
11
0
i = 96
8620
1831
1844
1837.63
0.0687631
2.71832
25.5836
0.561697
169.955
162.245
170.984
0.140092
1
0
0.519765
10
1
i = 97
8003
1829
1847
1837.68
0.0468212
3.08325
39.8514
0.524329
306.44
290.235
306.939
0.0872613
1
0
0.337318
15
0
i = 98
8622
1814
1858
1837.9
0.128149
5.36843
27.6205
0.404549
458.86
346.1
371.631
0.190012
2
1
1.56348
38
1
i = 99
9415
1826
1848
1838.61
0.0808047
3.50037
24.6089
0.49223
216.75
205.18
214.737
0.141511
1
0
0.0850987
19
2
i = 100
8619
1832
1849
1839.04
0.121969
3.56546
16.6766
0.493274
147.39
140.285
145.939
0.22271
1
0
0.92239
14
1
i = 101
8001
1830
1842
1839.44
0.521109
3.64732
7.81176
0.506608
53.715
52.765
50.835
0.913386
1
0
0.0190833
9
0
i = 102
7997
1832
1848
1839.52
0.137564
3.4297
14.4009
0.501213
120.12
114.265
121.422
0.252119
1
0
0.227541
13
0
i = 103
9414
1832
1854
1842.93
0.105822
4.0841
20.3082
0.45616
206.205
197.465
206.395
0.172332
1
0
0.148683
19
2
i = 104
7998
1834
1856
1844.03
0.18329
4.39654
12.2043
0.44128
133.33
124.81
132.797
0.29251
1
0
0.68583
19
0
i = 105
8618
1830
1885
1845.24
2.61443
7.34845
9.09339
1.85299
442.83
145.005
164.816
8.85062
4
0
0.202455
43
1
i = 106
8621
1826
1876
1846.73
1.03605
3.86985
4.04752
1.06138
568.035
92.6
39.2621
4.78741
3
1
0.222934
41
1
i = 107
9413
1837
1864
1849.96
0.116966
4.30803
18.8521
0.443357
206.045
187.27
203.233
0.184019
1
0
0.423776
24
2
i = 108
7999
1837
1862
1850.21
0.214162
6.04481
12.4421
0.381762
180.145
180.095
180.543
0.31083
1
0
0.439162
22
0
i = 109
8621
1826
1876
1852.26
1.05829
11.9999
10.9014
0.82078
568.035
230.365
315.052
1.87878
3
2
0.222934
41
1
i = 110
8000
1840
1886
1852.36
1.24907
3.93523
9.49827
1.65243
430.62
81.73
93.6433
4.46895
4
0
1.6698
34
0
i = 111
9543
1844
1874
1854.4
0.12339
2.79163
14.4042
0.551336
142.49
93.62
100.79
0.242387
2
0
0.0503736
24
2
i = 112
8700
1849
1860
1854.57
0.212084
2.61471
8.21996
0.578764
52.335
50.6
51.7896
0.461847
1
0
0.0900276
8
1
i = 113
8618
1830
1885
1854.67
0.856027
1.66808
1.84714
1.31557
442.83
31.385
7.72339
5.83735
4
1
0.202455
43
1
i = 114
7861
1848
1861
1854.84
0.250737
3.0784
7.55388
0.533528
56.475
54.745
55.9179
0.503796
1
0
0.0669352
10
0
i = 115
8000
1840
1886
1857.29
0.394718
1.63558
5.61322
2.55509
430.62
39.485
23.013
5.03985
4
1
1.6698
34
0
i = 116
9412
1846
1874
1859.92
0.147737
5.52553
16.9428
0.392943
231.6
222.435
231.988
0.208657
1
0
0.22372
25
2
i = 117
8001
1846
1899
1861.81
2.5586
9.99999
15.1942
1.20736
802.905
246.215
361.259
7.38197
4
0
0.838973
41
0
i = 118
8002
1825
1900
1862.5
3.75
25
11.5036
1.15036
720.955
720.955
624.521
10.1948
1
0
-1
1
0
i = 119
9410
1826
1899
1862.5
3.65
24.3333
19.8669
1.98669
1211.91
1211.91
1049.8
17.1371
1
0
-1
1
2
i = 120
8618
1830
1885
1863.89
1.51406
7.47401
11.2325
1.52118
442.83
174.045
209.827
22.5849
4
2
0.202455
43
1
i = 121
8000
1840
1886
1864.25
0.817779
5.19376
14.0026
1.60034
430.62
164.29
182.293
8.51268
4
2
1.6698
34
0
i = 122
9543
1844
1874
1868.25
0.284899
2.7112
6.19247
0.563828
142.49
39.83
40.998
0.588138
2
1
0.0503736
24
2
i = 123
9542
1859
1878
1868.73
0.298022
3.15214
6.32945
0.5184
50.795
46.37
49.8525
0.548548
1
0
0.0558484
16
2
i = 124
7863
1863
1881
1868.81
0.292096
3.08864
6.51776
0.531167
51.17
45.885
49.4413
0.578814
1
0
0.141648
15
0
i = 125
8001
1846
1899
1869.11
0.972208
3.09392
7.647
4.02019
802.905
116.875
59.3049
14.6579
4
1
0.838973
41
0
i = 126
8620
1856
1898
1871.13
1.26969
9
9.93997
0.383365
419.01
189.615
214.644
1.56476
4
0
1.23767
30
1
i = 127
8619
1856
1900
1876.68
1.09158
9.59568
15.4376
0.538975
466.465
296.655
363.042
1.40532
2
0
0.424592
38
1
i = 128
8001
1846
1899
1877.35
0.475942
3.49919
14.1795
3.23541
802.905
181.665
124.371
7.98976
4
2
0.838973
41
0
i = 129
8000
1840
1886
1877.79
2.41796
6
8.04869
1.15272
430.62
138.58
109.042
7.64222
4
3
1.6698
34
0
i = 130
8618
1830
1885
1880
4.46905
5.9997
5.15558
3.09455
442.83
92.33
59.978
41.9939
4
3
0.202455
43
1
i = 131
8620
1856
1898
1880.13
0.708957
2.2074
7.43819
3.67168
419.01
52.41
41.1565
7.56287
4
1
1.23767
30
1
i = 132
9411
1852
1902
1881.21
0.0973118
10.6145
36.116
0.286101
919.395
906.77
931.636
0.103331
1
0
13.8621
47
2
i = 133
8620
1856
1898
1886.71
2.98524
2.98139
7.26456
78.8012
419.01
69.67
54.2822
1848.94
4
2
1.23767
30
1
i = 134
8001
1846
1899
1887.44
0.618641
5.20541
20.1168
1.26989
802.905
254.19
258.107
1.84582
4
3
0.838973
41
0
i = 135
8619
1856
1900
1888.79
0.274718
4.21221
10.0938
1.89408
466.465
161.445
105.996
3.75107
2
1
0.424592
38
1
i = 136
8620
1856
1898
1890.86
30.4761
4.32675
8.79856
45.6397
419.01
107.315
89.5053
1792.42
4
3
1.23767
30
1
i = 137
8072
1903
1922
1911.18
0.328107
4.04622
6.59064
0.462663
67.04
62.35
65.4392
0.5603
1
0
0.476636
16
0
i = 138
9401
1901
1922
1911.27
0.0950125
3.7698
21.7224
0.474483
203.685
192.22
204.171
0.160582
1
0
0.319799
18
2
i = 139
8673
1904
1921
1911.41
0.134269
3.62781
15.2366
0.48842
135
130.225
135.734
0.241706
1
0
0.232842
14
1
i = 140
8071
1901
1923
1911.69
0.127596
4.04055
16.7512
0.458538
167.925
161.335
168.573
0.208759
1
0
0.114713
19
0
i = 141
8070
1903
1918
1911.8
0.210332
3.74915
10.2483
0.488954
90.245
89.89
89.5677
0.401906
1
0
0.0848998
12
0
i = 142
8674
1902
1922
1911.84
0.143974
4.12453
15.0446
0.455727
152.21
146.105
153.141
0.237493
1
0
0.166589
17
1
i = 143
9402
1900
1924
1912.3
0.201529
4.49364
11.1879
0.435005
124.44
116.59
124.961
0.313293
1
0
0.159636
21
2
i = 144
7925
1955
1974
1964.7
0.240971
3.53388
8.29619
0.490419
73.23
69.79
72.8923
0.421989
1
0
0.0265853
16
0
i = 145
9521
1957
1974
1964.91
0.304651
3.17334
6.22139
0.517831
49.83
45.2
49.1324
0.564482
1
0
0.106236
14
2
i = 146
9520
1956
1975
1964.98
0.221509
3.17258
8.54415
0.516818
68.765
62.82
67.7677
0.406713
1
0
0.0698709
16
2
i = 147
8726
1957
1973
1965.13
0.19161
3.05879
9.711
0.527493
73.72
70.83
73.7081
0.361769
1
0
0.0741502
13
1
i = 148
8662
1997
2031
2005.94
0.191576
2.22333
9.46346
0.622815
317.535
46.81
52.74
0.425622
2
0
0.425709
28
1
i = 149
9497
1995
2025
2006.27
0.125326
2.9013
22.7036
0.549481
467.18
155.77
165.108
0.235056
2
0
0.0128757
24
2
i = 150
7900
1999
2026
2006.61
0.211336
3.17401
12.8541
0.523683
459.975
94.09
101.741
0.396046
2
0
0.07951
21
0
i = 151
8663
1997
2014
2006.76
0.136083
3.11315
13.8159
0.52359
108.235
99.575
106.163
0.256296
1
0
0.790588
14
1
i = 152
9497
1995
2025
2015.43
0.0766914
3.13582
38.5756
0.528268
467.18
295.915
302.658
0.142646
2
1
0.0128757
24
2
i = 153
7899
1999
2026
2015.44
0.125281
3.99141
16.9515
0.461047
182.695
153.085
168.619
0.205639
1
0
2.17956
24
0
i = 154
8662
1997
2031
2016.91
0.0999905
4.18009
24.6628
0.464946
317.535
250.595
258.271
0.182873
2
1
0.425709
28
1
i = 155
7900
1999
2026
2017.23
0.0712529
3.57261
40.3142
0.497531
459.975
357.295
357.385
0.131875
2
1
0.07951
21
0
i = 156
9496
1998
2028
2018.56
0.0330378
3.442
59.676
0.496262
526.405
470.3
512.517
0.0582824
1
0
0.775287
27
2
i = 157
8661
2007
2036
2020
0.0452721
5.26794
53.9493
0.401923
706.05
659.895
707.584
0.0651195
1
0
9.41635
26
1
i = 158
7901
2012
2028
2020.25
0.0525443
3.56568
38.5207
0.492749
334.335
327.83
334.8
0.0954725
1
0
0.536818
13
0
i = 159
9495
2013
2034
2022.97
0.0346247
3.41325
56.6896
0.498153
483.615
440.82
484.042
0.0612327
1
0
0.123322
18
2
i = 160
7902
2013
2032
2023.89
0.051532
3.90178
41.1001
0.470203
392.29
372.47
391.147
0.0888111
1
0
0.735471
16
0
i = 161
8660
2008
2042
2026.19
0.046819
6.52799
58.1103
0.36141
931.36
911.025
939.922
0.0607612
1
0
2.45336
31
1
i = 162
9494
2011
2041
2027.02
0.0349808
3.3334
55.4423
0.503865
466.805
430.13
463.242
0.0624813
1
0
0.0439318
27
2
i = 163
7903
2012
2042
2027.16
0.0481261
3.79311
42.9878
0.472347
415.25
381.52
408.686
0.080584
1
0
0.19654
27
0
i = 164
7904
2019
2041
2030.46
0.0503216
3.74665
40.8742
0.475644
380.495
360.855
382.228
0.0850735
1
0
0.123585
19
0
i = 165
9493
2022
2044
2030.76
0.0371287
3.33922
52.3202
0.504114
438.44
402.88
436.722
0.066659
1
0
0.215554
19
2
i = 166
8659
2014
2052
2033.66
0.0490814
6.57127
55.5049
0.359216
913.07
869.29
910.274
0.0627037
1
0
0.368197
35
1
i = 167
7905
2023
2047
2033.85
0.0539104
3.84997
38.673
0.469137
371.215
345.535
372.447
0.0898431
1
0
0.116554
21
0
i = 168
9492
2022
2045
2034.61
0.0379701
3.38051
51.4404
0.500428
435.725
400.885
435.145
0.0673964
1
0
0.0746992
20
2
i = 169
7906
2025
2048
2037.24
0.0513449
3.89214
40.8325
0.46671
397.835
368.695
396.523
0.0851993
1
0
0.203949
20
0
i = 170
9491
2028
2050
2038.48
0.0386437
3.33988
50.2384
0.503447
420.535
388.79
420.189
0.0689985
1
0
0.0775784
19
2
i = 171
7907
2027
2052
2040.65
0.0533754
3.96667
39.646
0.462135
392.89
363.16
392.925
0.087592
1
0
0.0621247
22
0
i = 172
8658
2026
2058
2041.3
0.0493893
6.14854
53.4392
0.372249
816.555
781.53
816.015
0.0659272
1
0
0.729999
29
1
i = 173
9490
2032
2053
2042.22
0.0375246
3.33141
51.673
0.50414
432.045
400.365
430.812
0.0671156
1
0
0.0590645
18
2
i = 174
7908
2033
2059
2043.94
0.0526842
3.86446
39.6465
0.46823
386.46
353.83
383.441
0.0876127
1
0
0.154774
23
0
i = 175
9489
2031
2056
2046.02
0.0379981
3.35103
51.1803
0.502676
429.97
398.705
428.932
0.0677721
1
0
0.0490394
22
2
i = 176
7909
2035
2059
2047.23
0.0545708
3.96088
38.7473
0.462444
385.26
354.585
383.621
0.0895935
1
0
0.146723
21
0
i = 177
8657
2031
2073
2048.89
0.0514743
6.61619
53.1097
0.358011
878.545
833.89
878.258
0.0655525
1
0
0.929117
39
1
i = 178
9488
2039
2060
2049.87
0.0381139
3.31677
50.7622
0.50525
421.625
388.05
421.159
0.0683191
1
0
0.118301
18
2
i = 179
7910
2039
2060
2050.45
0.0546196
3.78913
37.9089
0.47368
358.07
336.38
356.785
0.0924361
1
0
0.157081
18
0
i = 180
7911
2043
2063
2053.65
0.0527055
3.60308
38.2954
0.485542
341.11
328.47
343.159
0.0912896
1
0
0.337451
17
0
i = 181
9487
2043
2068
2053.75
0.0385031
3.37358
50.6747
0.500902
427.78
393.805
428.337
0.0683891
1
0
0.0513493
22
2
i = 182
7912
2048
2067
2056.74
0.0574636
3.65124
35.4144
0.483326
318.655
304.94
321.131
0.0997892
1
0
0.45681
16
0
i = 183
8656
2037
2076
2056.93
0.0542445
7.01553
51.9075
0.347846
899.37
871.96
907.505
0.0672312
1
0
0.680711
36
1
i = 184
9486
2044
2071
2057.54
0.0398542
3.33204
48.6529
0.503969
410.43
375.11
406.333
0.0712006
1
0
0.172541
24
2
i = 185
7913
2049
2074
2059.89
0.0563319
3.74115
36.4795
0.4758
343.3
320.17
341.661
0.0951365
1
0
0.257978
22
0
i = 186
9485
2051
2071
2061.47
0.038948
3.36505
50.0461
0.501836
421.47
389.25
420.418
0.0694472
1
0
0.106105
17
2
i = 187
7914
2053
2075
2063.21
0.0576448
3.64346
35.1857
0.482293
321.115
303.295
320.529
0.09879
1
0
0.271785
19
0
i = 188
9484
2053
2074
2065.42
0.0422705
3.40823
46.4529
0.499343
394.875
365.09
393.377
0.0753598
1
0
0.0298534
18
2
i = 189
8655
2046
2086
2065.6
0.0574089
7.23352
49.8051
0.342596
894.56
854.41
897.941
0.0701016
1
0
1.26736
37
1
i = 190
7915
2057
2076
2066.42
0.0608424
3.69778
33.6401
0.480053
307.385
294.195
308.548
0.104765
1
0
0.20236
16
0
i = 191
9483
2059
2080
2069.19
0.0411531
3.30228
46.9101
0.506343
387.39
361.645
387.742
0.0739198
1
0
0.0635974
18
2
i = 192
7916
2059
2079
2069.56
0.0603108
3.70084
33.9278
0.479321
311.53
295.905
311.889
0.103297
1
0
0.115584
17
0
i = 193
7917
2058
2086
2072.76
0.0624153
3.95308
33.8384
0.46271
344.425
305.665
335.077
0.102391
1
0
0.706163
25
0
i = 194
9482
2062
2088
2073.13
0.0430922
3.31281
44.8675
0.505446
376.055
346.315
372.497
0.0772197
1
0
0.0948481
23
2
i = 195
8654
2052
2094
2075.11
0.0544228
7.19502
52.3988
0.34347
944.525
895.095
939.576
0.0665999
1
0
1.36818
39
1
i = 196
7918
2066
2086
2075.86
0.0580969
3.65863
35.0039
0.481796
319.515
299.865
318.974
0.099816
1
0
0.374731
17
0
i = 197
9481
2067
2086
2076.78
0.040619
3.32939
47.7414
0.504707
395.94
367.285
396.338
0.0729336
1
0
0.039353
16
2
i = 198
9469
2068
2085
2076.87
0.178181
2.97656
10.2909
0.533811
76.625
68.445
76.3368
0.338445
1
0
0.0526219
14
2
i = 199
7937
2072
2083
2077.44
0.247707
2.52575
6.89001
0.58676
42.065
41.19
42.2775
0.540056
1
0
0.0719628
8
0
i = 200
7919
2068
2087
2078.53
0.054415
3.48732
36.5287
0.494151
314.675
292.065
315.598
0.0963407
1
0
0.239615
16
0
i = 201
9480
2068
2089
2080.09
0.03627
3.22127
52.5837
0.512942
423.475
398.395
422.704
0.0661165
1
0
0.0198614
18
2
i = 202
7920
2070
2090
2080.95
0.0534202
3.49373
37.2026
0.492997
322.59
295.175
323.352
0.0938936
1
0
0.248193
17
0
i = 203
8653
2064
2108
2082.86
0.0515046
7.3076
55.8088
0.340885
1017.84
959.995
1017.81
0.0625999
1
0
3.61444
41
1
i = 204
9479
2072
2093
2083.61
0.0428109
3.36541
45.5337
0.501807
382.885
353.645
382.519
0.0763302
1
0
0.0614571
18
2
i = 205
7921
2072
2095
2083.86
0.0592061
3.64734
34.2681
0.481816
310.995
294.665
312.653
0.101209
1
0
0.243971
20
0
i = 206
7922
2077
2100
2086.73
0.056913
3.58382
35.3506
0.486398
319.155
299.73
316.845
0.098442
1
0
0.243904
20
0
i = 207
9478
2077
2096
2087.36
0.0420616
3.3389
46.1913
0.50432
383.785
358.47
383.589
0.0756387
1
0
0.032427
16
2
i = 208
7923
2079
2102
2089.56
0.0646939
3.81008
32.0624
0.471668
305.78
284.97
305.403
0.108459
1
0
0.158403
20
0
i = 209
9477
2082
2106
2090.99
0.0443222
3.28509
43.4573
0.507985
357.485
329.94
357.179
0.0800411
1
0
0.0557565
21
2
i = 210
7924
2080
2100
2092.51
0.0670407
3.61213
30.3935
0.48839
268.315
261.005
267.969
0.119765
1
0
0.199233
17
0
i = 211
8652
2072
2119
2092.89
0.0639763
8.56456
48.6911
0.315312
1034.32
999.4
1037.34
0.07227
1
0
1.01036
44
1
i = 212
9476
2084
2106
2095.01
0.0434031
3.41123
45.2048
0.498159
385
356.8
386.003
0.076685
1
0
0.17592
19
2
i = 213
7925
2085
2109
2095.75
0.0613908
3.68068
33.2015
0.479686
308.595
287.595
305.91
0.104522
1
0
0.180126
21
0
i = 214
7939
2090
2105
2098.04
0.252128
3.22292
7.62145
0.517266
60.155
57.825
59.9732
0.477613
1
0
0.0235725
12
0
i = 215
7940
2091
2105
2098.29
0.164696
2.75216
10.7257
0.556727
72.315
69.235
72.9679
0.329467
1
0
0.125992
11
0
i = 216
8661
2093
2104
2098.4
0.201579
2.47918
8.37434
0.59126
50.32
46.99
50.6114
0.440285
1
0
0.0949638
8
1
i = 217
8662
2092
2106
2098.48
0.232964
2.93251
7.85497
0.541385
56.17
53.065
56.7894
0.459242
1
0
0.0952129
11
1
i = 218
7926
2086
2108
2098.93
0.0570652
3.62984
35.5154
0.483941
321.515
303.335
320.216
0.0986563
1
0
0.0295927
19
0
i = 219
9475
2088
2109
2098.95
0.0392824
3.40612
49.9147
0.498654
424.085
389.5
424.968
0.0695297
1
0
0.205932
18
2
i = 220
7927
2092
2113
2101.72
0.0604755
3.48017
32.7789
0.493486
284.275
260.37
285.219
0.106053
1
0
0.173121
18
0
i = 221
9474
2092
2112
2102.86
0.0458356
3.50406
43.4202
0.492233
379.275
361.99
378.606
0.0804173
1
0
0.0319073
17
2
i = 222
8651
2083
2129
2103.66
0.0664862
8.94408
47.9625
0.309162
1060.56
1012.13
1062.73
0.0741507
1
0
2.02872
43
1
i = 223
7928
2093
2114
2104.89
0.0685645
3.77322
30.159
0.475092
280.9
264.86
281.953
0.116739
1
0
0.263785
18
0
i = 224
9473
2089
2117
2105.81
0.0585726
4.97896
40.6521
0.414521
508.085
477.36
499.233
0.0877121
1
0
22.7909
25
2
i = 225
7929
2094
2117
2108.09
0.0649218
3.68573
31.4775
0.480624
290.015
274.71
287.59
0.111768
1
0
0.0946961
20
0
i = 226
9472
2101
2125
2111.14
0.0441928
3.46929
44.7778
0.494078
393.765
356.33
388.969
0.0774955
1
0
0.33297
21
2
i = 227
7930
2102
2119
2111.21
0.0684929
3.64771
29.8648
0.486369
265.725
258.575
265.897
0.122138
1
0
0.224126
14
0
i = 228
7931
2104
2124
2114.4
0.0659647
3.77152
31.3204
0.474963
292.585
278.245
293.245
0.112078
1
0
0.183452
17
0
i = 229
9471
2105
2138
2115.42
0.0445313
3.38278
44.7366
0.504835
428.275
349.525
379.111
0.0827049
2
0
0.11252
27
2
i = 230
8650
2092
2143
2115.73
0.0727095
9.66491
45.5144
0.296897
1087.4
1049.03
1092.88
0.0774027
1
0
0.475371
48
1
i = 231
7932
2104
2132
2117.59
0.0652071
3.96368
32.4329
0.462085
330.29
294.835
322.108
0.106823
1
0
0.499088
25
0
i = 232
9470
2106
2130
2119.55
0.0426222
3.46274
46.3811
0.494478
402.01
368.07
401.776
0.0747681
1
0
0.0392665
21
2
i = 233
7933
2109
2130
2120.69
0.0625456
3.75236
32.9515
0.476112
306.66
290.44
306.883
0.106486
1
0
0.148726
18
0
i = 234
7934
2111
2136
2123.82
0.0632545
3.71314
32.3607
0.477442
301.58
282.5
300.907
0.107084
1
0
0.247735
22
0
i = 235
9469
2113
2134
2123.87
0.0423393
3.44851
46.5992
0.495607
403.28
366.425
401.599
0.0744964
1
0
0.291747
18
2
i = 236
7935
2115
2137
2126.82
0.0676197
3.79122
30.6063
0.473035
289.98
270.455
289.172
0.113853
1
0
0.0796067
19
0
i = 237
8649
2102
2150
2127.35
0.0739578
9.51521
44.4468
0.299653
1038.7
1014.74
1046.1
0.0798598
1
0
0.831907
45
1
i = 238
9468
2117
2137
2128.08
0.04507
3.40084
43.4981
0.499556
368.09
342.53
368.29
0.0802004
1
0
0.148193
17
2
i = 239
9471
2105
2138
2129.14
0.308293
3.07731
6.17547
0.528419
428.275
49.73
47.484
0.597126
2
1
0.11252
27
2
i = 240
7936
2121
2144
2130.3
0.0718877
3.81606
28.9208
0.47226
274.085
259.07
275.179
0.121528
1
0
0.143664
20
0
i = 241
9467
2120
2145
2132.44
0.0476509
3.47616
41.5631
0.493418
363.405
331.02
362.034
0.0833518
1
0
0.0392866
22
2
i = 242
7937
2123
2146
2133.59
0.0700261
3.83407
29.7148
0.470212
286.18
264.825
284.782
0.117055
1
0
0.0715777
20
0
i = 243
9466
2125
2148
2136.63
0.0453523
3.435
43.4112
0.496396
374.55
341.76
373.429
0.0798255
1
0
0.0980276
20
2
i = 244
7938
2122
2149
2136.73
0.0687136
3.94951
30.7242
0.462969
309.175
278.33
303.725
0.112827
1
0
0.277344
24
0
i = 245
7939
2127
2150
2139.74
0.0690175
3.85403
30.2348
0.469173
292.415
270.64
290.383
0.115265
1
0
0.29335
20
0
i = 246
8648
2116
2165
2140.15
0.0771721
9.39775
42.2715
0.301016
985.99
943.14
986.706
0.0832203
1
0
0.530183
46
1
i = 247
9465
2131
2150
2140.77
0.0461711
3.37525
42.2934
0.501368
354.39
329.91
355.73
0.0824107
1
0
0.271608
16
2
i = 248
7940
2129
2151
2142.71
0.0681534
3.63944
29.8508
0.484568
270.25
257.195
267.968
0.119068
1
0
0.109512
19
0
i = 249
9464
2129
2155
2144.74
0.0486204
3.37176
40.1208
0.501091
342.9
310.54
338.468
0.0864223
1
0
0.180206
23
2
i = 250
7941
2131
2155
2145.76
0.0739969
3.67403
27.5518
0.480945
253.47
238.65
251.58
0.127066
1
0
0.198478
21
0
i = 251
9463
2140
2164
2148.99
0.0484856
3.35642
40.1605
0.502675
337.27
309.17
337.116
0.0867141
1
0
0.114197
21
2
i = 252
7942
2135
2159
2149.1
0.0754203
3.72309
27.1937
0.477331
254.925
238.585
252.339
0.128132
1
0
0.218749
21
0
i = 253
7943
2141
2164
2152.28
0.0711888
3.72286
28.7944
0.47694
268.115
252.065
268.165
0.120492
1
0
0.245851
20
0
i = 254
8647
2126
2175
2152.69
0.0744981
9.73863
44.6861
0.296459
1070.63
1034.68
1074.34
0.0798376
1
0
0.946473
46
1
i = 255
9462
2143
2163
2153.07
0.0458904
3.45216
43.0236
0.49553
370.755
341.89
370.762
0.0808334
1
0
0.0345061
17
2
i = 256
7944
2141
2173
2155.35
0.0681478
3.82111
30.4699
0.470614
301.365
271.21
291.829
0.113691
1
0
0.3599
29
0
i = 257
9461
2142
2166
2157.07
0.043628
3.37421
44.755
0.501432
382.945
349.45
376.225
0.077878
1
0
0.311575
21
2
i = 258
7945
2145
2173
2158.36
0.0716035
4.00212
29.6787
0.459868
302.545
282.64
297.596
0.116745
1
0
0.347796
25
0
i = 259
9460
2151
2174
2161.53
0.0423822
3.46281
46.6437
0.494464
404.09
370.41
404.479
0.0743405
1
0
0.0207468
20
2
i = 260
7946
2152
2173
2161.75
0.063994
3.74943
32.1728
0.475928
300.415
283.31
300.84
0.108614
1
0
0.171345
18
0
i = 261
8646
2138
2191
2164.41
0.0762631
9.622
43.2421
0.297061
1037.61
990.725
1036.78
0.0807597
1
0
1.01419
50
1
i = 262
7947
2150
2177
2164.65
0.0660024
4.07143
32.4772
0.456018
334.39
313.3
330.831
0.106775
1
0
0.242402
24
0
i = 263
9459
2155
2175
2165.64
0.0455618
3.44077
43.2693
0.496471
371.695
340.69
371.143
0.0804753
1
0
0.0930685
17
2
i = 264
7948
2156
2177
2168.25
0.0759737
4.0509
28.3265
0.460386
283.435
273.85
281.49
0.127157
1
0
0.384593
18
0
i = 265
9458
2158
2181
2170.33
0.0469737
3.51179
42.3812
0.491009
372.985
355.835
372.341
0.0818207
1
0
0.0430711
20
2
i = 266
7949
2163
2184
2171.89
0.067987
3.76157
30.3851
0.476101
282.81
266.405
284.449
0.116238
1
0
0.223192
18
0
i = 267
9457
2163
2185
2174.63
0.0478514
3.57771
41.9974
0.486588
376.035
356.625
375.444
0.0826694
1
0
0.0355112
19
2
i = 268
7950
2164
2186
2175.08
0.072423
3.86667
28.8556
0.468329
276.655
261.205
278.342
0.120665
1
0
0.105223
19
0
i = 269
8645
2149
2204
2177.05
0.0907973
10.5427
38.0547
0.284204
985.665
964.16
996.191
0.0924492
1
0
2.04154
52
1
i = 270
7951
2168
2188
2178.39
0.0797537
3.73774
25.7844
0.476982
238.86
226.785
239.408
0.135961
1
0
0.0835701
17
0
i = 271
9456
2168
2189
2179.15
0.0512954
3.47566
38.6179
0.493758
335.205
308.29
335.15
0.0899733
1
0
0.0136381
18
2
i = 272
7952
2169
2194
2182.01
0.086749
4.0404
24.6173
0.457836
248.72
237.32
248.675
0.140969
1
0
0.210959
22
0
i = 273
9455
2173
2194
2183.86
0.0559672
3.61191
36.0854
0.484469
326.605
306.78
325.23
0.0963973
1
0
0.132953
18
2
i = 274
7953
2175
2195
2185.45
0.0785903
3.91281
26.8022
0.46691
258.175
244.29
259.531
0.131854
1
0
0.213683
17
0
i = 275
9454
2176
2198
2188.45
0.0485218
3.477
40.8385
0.493758
353.325
325.58
354.288
0.0851655
1
0
0.0588889
19
2
i = 276
7954
2179
2200
2188.84
0.0710279
3.81505
29.2435
0.471933
277.045
260.045
278.026
0.11964
1
0
0.0713205
18
0
i = 277
8644
2164
2222
2191.25
0.0801527
9.61974
41.1174
0.296805
992.25
945.18
988.711
0.0845248
1
0
2.49717
55
1
i = 278
7955
2178
2203
2191.97
0.0688302
3.96014
30.722
0.462603
305.34
277.765
303.76
0.113141
1
0
0.119709
22
0
i = 279
8725
2183
2200
2192.41
0.287233
3.22365
6.65894
0.51447
53.6
50.235
53.0228
0.531274
1
0
0.126196
14
1
i = 280
9507
2182
2201
2192.48
0.131524
2.8491
13.6339
0.545147
97.32
89.255
97.1372
0.254383
1
0
0.0208469
16
2
i = 281
9453
2177
2205
2192.52
0.046068
3.49991
43.1378
0.491738
381.765
344.16
378.334
0.0803068
1
0
0.090015
25
2
i = 282
7956
2186
2213
2195.6
0.0664581
3.87169
31.4998
0.468658
312.91
282.92
304.338
0.11133
1
0
0.773558
24
0
i = 283
9452
2184
2206
2196.8
0.0416638
3.40628
47.0796
0.498942
401.93
367.3
399.868
0.0739395
1
0
0.0744015
19
2
i = 284
7957
2188
2213
2198.22
0.0703185
3.76911
29.3421
0.474301
277.205
259.57
276.594
0.118613
1
0
0.182209
22
0
i = 285
9451
2190
2211
2201.06
0.0508703
3.39011
38.4541
0.499837
325.59
302.26
325.82
0.0902581
1
0
0.0618355
18
2
i = 286
7958
2192
2215
2201.57
0.0779218
3.69028
26.211
0.479625
240.915
228.495
241.653
0.133187
1
0
0.0762612
20
0
i = 287
8643
2175
2235
2203.52
0.0870349
10.9255
40.3852
0.278865
1102.72
1038.73
1099.12
0.0866171
1
0
3.48078
57
1
i = 288
7959
2195
2216
2204.87
0.0830957
3.73794
24.7354
0.476564
229.185
216.46
230.634
0.141125
1
0
0.201467
18
0
i = 289
9450
2194
2219
2205.26
0.0532624
3.51041
37.3678
0.491039
330.665
313.11
328.658
0.0927389
1
0
0.0934127
22
2
i = 290
7960
2196
2216
2208.08
0.0827605
3.70542
24.8846
0.481525
227.695
217.74
225.892
0.145047
1
0
0.0665715
17
0
i = 291
9449
2196
2224
2209.63
0.0510934
3.43648
38.5407
0.496251
336.995
303.295
331.975
0.0898819
1
0
0.123126
25
2
i = 292
7961
2201
2222
2211.21
0.0792314
3.84255
26.3056
0.470158
252.765
235.5
251.796
0.132872
1
0
0.117666
18
0
i = 293
9448
2202
2225
2214.01
0.0550689
3.4786
35.9784
0.493301
311.9
288.125
313.279
0.0963401
1
0
0.0883176
20
2
i = 294
7962
2203
2224
2214.59
0.0849174
3.90073
24.7616
0.46736
238.675
224.71
239.222
0.142329
1
0
0.0731449
18
0
i = 295
8642
2189
2248
2216.14
0.0912697
11.1389
38.9302
0.276582
1083.69
1030.3
1077.24
0.0905433
1
0
0.667748
56
1
i = 296
7963
2203
2225
2217.86
0.0815863
3.67987
25.3713
0.485667
231.815
218.95
225.812
0.146825
1
0
0.220841
19
0
i = 297
9447
2208
2232
2218.26
0.051941
3.49709
38.2502
0.492101
334.93
306.12
334.935
0.0907125
1
0
0.172764
21
2
i = 298
7964
2212
2230
2221.08
0.0797547
3.7743
25.9983
0.476817
240.205
231.405
241.518
0.138065
1
0
0.253264
15
0
i = 299
9446
2212
2233
2222.87
0.0543294
3.49867
36.5801
0.492094
320.455
290.44
319.705
0.0949491
1
0
0.120058
18
2
i = 300
7965
2212
2236
2224.41
0.0840148
3.94356
25.1129
0.463461
249.415
228.305
247.516
0.138241
1
0
0.110137
21
0
i = 301
9445
2218
2237
2227.45
0.0547479
3.51815
36.4303
0.491439
318.025
306.52
318.956
0.0960233
1
0
0.050888
16
2
i = 302
7966
2215
2240
2227.8
0.0821811
3.81758
25.2562
0.47089
241.48
224.45
241.371
0.137239
1
0
0.0264828
22
0
i = 303
8641
2202
2256
2230.46
0.0987666
10.623
35.1558
0.283499
917
894.415
924.539
0.100775
1
0
1.12863
51
1
i = 304
7967
2221
2239
2231.03
0.0828631
3.64704
24.633
0.485268
220.2
213.48
220.262
0.146231
1
0
0.178987
15
0
i = 305
9444
2218
2244
2231.94
0.0547569
3.58938
36.7539
0.485584
334.35
311.165
330.471
0.0942671
1
0
0.147372
23
2
i = 306
7968
2219
2243
2234.41
0.0804921
4.0568
26.7893
0.460384
275.1
258.195
266.182
0.135072
1
0
0.980053
21
0
i = 307
9443
2225
2246
2236.51
0.0524257
3.49971
37.9243
0.49224
330.7
303.235
330.936
0.0917894
1
0
0.0326234
18
2
i = 308
7969
2226
2251
2237.87
0.0849722
3.92269
24.762
0.4646
244.695
222.39
243.136
0.140066
1
0
0.283317
22
0
i = 309
9442
2229
2251
2241.03
0.0527076
3.45408
37.4632
0.495205
323.535
297.99
323.356
0.0926632
1
0
0.00363538
19
2
i = 310
7970
2231
2251
2241.34
0.0820252
3.66913
24.8312
0.481185
226.29
215.74
226.627
0.140829
1
0
0.0938105
17
0
i = 311
7975
2238
2248
2243.84
0.19081
2.35105
8.79346
0.613064
49.36
46.38
48.6271
0.446642
1
0
0.0206078
7
0
i = 312
8643
2237
2250
2244.03
0.187418
2.85626
9.67277
0.550483
67.085
64.3
67.0997
0.38028
1
0
0.361333
10
1
i = 313
8644
2236
2252
2244.24
0.205239
3.31031
9.45675
0.508805
77.605
72.69
77.0647
0.378266
1
0
0.110452
13
1
i = 314
7971
2233
2254
2244.33
0.0811442
3.67543
25.1172
0.480567
228.485
219.185
229.833
0.138938
1
0
0.197608
18
0
i = 315
8640
2216
2279
2244.48
0.100813
11.2761
35.4316
0.274581
994.345
951.065
995.117
0.0988968
1
0
0.508491
60
1
i = 316
9441
2235
2254
2244.83
0.036302
3.35378
53.6183
0.502938
448.2
412.97
448.163
0.0649843
1
0
0.324484
16
2
i = 317
7972
2237
2261
2247.76
0.0854572
3.86333
24.4404
0.468369
237.735
217.595
236.156
0.142229
1
0
0.30156
21
0
i = 318
9440
2236
2268
2249.56
0.0777201
3.99912
35.0525
0.475267
419.495
311.65
351.302
0.142938
2
0
0.449909
26
2
i = 319
7973
2241
2262
2251.16
0.0915934
4.08314
23.485
0.4569
237.125
229.32
237.964
0.150181
1
0
0.146231
18
0
i = 320
7974
2245
2265
2254.63
0.0873981
3.97267
24.2933
0.463611
241.145
222.215
239.094
0.145848
1
0
1.4785
17
0
i = 321
9439
2241
2266
2254.81
0.0520592
3.74989
39.5173
0.475191
371.505
344.79
370.635
0.0877744
1
0
0.541234
22
2
i = 322
7975
2250
2265
2258.33
0.0903768
3.53423
22.5682
0.49865
190.89
190.55
190.744
0.170552
1
0
0.556019
12
0
i = 323
8639
2228
2286
2258.41
0.0964568
11.1849
36.9126
0.276057
1022.93
984.31
1023.98
0.0955573
1
0
0.494976
55
1
i = 324
9438
2249
2270
2259.18
0.0509355
3.56926
39.4122
0.487284
352.005
334.83
351.484
0.0881964
1
0
0.147167
18
2
i = 325
8646
2252
2265
2259.67
0.221715
2.77368
8.11413
0.560203
54.65
51.925
54.0708
0.462417
1
0
0.00623975
10
1
i = 326
7980
2252
2265
2259.76
0.279526
2.97614
6.76229
0.544508
47.87
45.62
47.5533
0.579764
1
0
0.0530808
10
0
i = 327
9440
2236
2268
2260.28
0.231881
2.65937
9.63034
0.572804
419.495
90.675
63.9937
0.464263
2
1
0.449909
26
2
i = 328
7976
2252
2274
2261.68
0.0783588
3.61432
25.7874
0.484429
234.405
219.75
232.956
0.135072
1
0
0.124283
19
0
i = 329
9437
2253
2278
2264.14
0.0543992
3.87077
38.4257
0.4678
381.465
343.375
372.25
0.0903497
1
0
2.53316
22
2
i = 330
7977
2255
2274
2265.01
0.0811824
3.80296
25.6022
0.474108
239.5
229.155
240.311
0.138815
1
0
0.175281
16
0
i = 331
7978
2256
2281
2268.46
0.0850302
4.13428
25.4058
0.452641
263.275
248.37
262.599
0.136641
1
0
0.113439
22
0
i = 332
9436
2252
2279
2268.48
0.0539063
3.57802
37.2795
0.486499
335.17
316.985
333.522
0.0930696
1
0
0.0221474
24
2
i = 333
7979
2254
2284
2272.27
0.100312
4.38778
22.1953
0.439669
261.325
223.72
242.857
0.156944
1
0
2.65089
27
0
i = 334
7939
2264
2281
2272.84
0.367543
4.03189
5.89729
0.466235
57.56
57.45
57.3038
0.645603
1
0
0.37764
14
0
i = 335
9435
2262
2283
2273.2
0.0591201
3.64344
34.3172
0.482536
312.675
296.075
311.573
0.101543
1
0
0.0316186
18
2
i = 336
8638
2246
2300
2273.49
0.115271
11.6774
31.708
0.271683
898.86
882.89
908.451
0.114593
1
0
1.38281
51
1
i = 337
7938
2263
2285
2273.52
0.147744
3.92719
14.2586
0.464894
138.27
130.98
139.663
0.244692
1
0
0.278739
19
0
i = 338
9502
2262
2286
2274.04
0.0851712
3.66675
23.8832
0.480473
220.495
207.075
219.26
0.145122
1
0
0.031053
21
2
i = 339
8708
2259
2284
2274.19
0.129526
4.00445
16.4409
0.460957
165.88
157.34
163.388
0.213631
1
0
0.123359
22
1
i = 340
8709
2262
2282
2274.7
0.177527
3.74342
11.7541
0.481411
108.72
103.19
106.495
0.316414
1
0
0.208648
17
1
i = 341
7937
2265
2282
2274.97
0.193471
3.58237
10.5453
0.492302
91.495
89.82
91.3414
0.353054
1
0
0.330332
14
0
i = 342
9503
2262
2283
2275.34
0.275254
3.75011
7.5521
0.479693
70.085
66.5
69.0163
0.484297
1
0
0.00776444
18
2
i = 343
7980
2267
2286
2275.97
0.0863447
3.82576
24.1504
0.472843
228.15
213.73
228.64
0.147411
1
0
0.157587
16
0
i = 344
9434
2266
2289
2278.21
0.051036
3.46886
38.7676
0.494005
337.52
308.55
336.559
0.0894196
1
0
0.0677814
20
2
i = 345
7981
2268
2288
2279.25
0.0848391
3.98462
25.1401
0.464062
246.195
231.98
245.937
0.142969
1
0
0.101648
17
0
i = 346
7982
2272
2293
2282.79
0.0916985
4.08119
23.4512
0.456982
237.33
226.825
237.192
0.15035
1
0
0.158051
18
0
i = 347
9433
2273
2297
2283.21
0.0599065
3.76963
34.4445
0.474275
326.365
304.525
324.689
0.10105
1
0
0.110075
21
2
i = 348
7983
2276
2294
2286.45
0.0880367
3.57322
22.9919
0.49078
200.765
196.22
200.784
0.157732
1
0
0.305167
15
0
i = 349
9432
2277
2297
2288.02
0.0470809
3.54591
42.5389
0.489563
375.77
360.115
374.785
0.0822957
1
0
0.0375998
17
2
i = 350
7984
2283
2295
2289.44
0.0829275
2.89066
22.2173
0.551896
154.265
147.975
153.399
0.173781
1
0
0.211505
9
0
i = 351
8637
2260
2322
2289.52
0.105353
11.6827
34.52
0.269908
1007.79
963.91
1002.63
0.10178
1
0
2.21022
59
1
i = 352
7985
2282
2314
2292.1
0.244454
3.49603
20.4552
1.35235
446.75
160.41
179.044
0.872764
2
0
0.333136
26
0
i = 353
9431
2278
2304
2292.51
0.0580458
3.64951
34.9617
0.481605
320.16
301.915
319.42
0.0991364
1
0
0.0732027
23
2
i = 354
7986
2287
2320
2297.58
0.207577
4.30676
23.8041
0.507825
429.1
220.65
255.702
0.313906
2
0
0.240805
27
0
i = 355
9430
2285
2309
2297.66
0.0566972
3.70439
36.0627
0.478069
333.135
313.695
334.243
0.0961512
1
0
0.179349
21
2
i = 356
7987
2293
2307
2300.46
0.122698
3.30597
16.0075
0.514874
126.74
123.935
127.194
0.237973
1
0
0.436594
11
0
i = 357
9447
2292
2308
2301.42
0.10287
2.86025
17.5237
0.546388
124.465
115.445
123.559
0.202364
1
0
0.0208249
13
2
i = 358
7984
2297
2305
2301.86
0.154552
2.01239
10.3695
0.669807
48.54
48.54
47.272
0.408511
1
0
0.106748
5
0
i = 359
7983
2296
2306
2301.88
0.145102
2.57652
12.4273
0.592184
74.855
74.855
73.4173
0.33999
1
0
0.0307806
7
0
i = 360
9448
2291
2312
2301.94
0.0903625
2.99184
20.3336
0.53187
154.745
135.695
152.379
0.170394
1
0
0.072674
18
2
i = 361
8663
2295
2308
2302.02
0.0924537
2.83568
19.5239
0.552147
134.53
129.01
134.633
0.187768
1
0
0.197219
10
1
i = 362
8662
2295
2309
2302.2
0.0971276
3.04805
19.229
0.531924
143.185
140.165
143.311
0.189225
1
0
0.0740303
11
1
i = 363
7985
2282
2314
2302.24
0.446151
5.46311
19.9498
0.50105
446.75
275.54
267.832
0.626536
2
1
0.333136
26
0
i = 364
9446
2294
2312
2302.32
0.0960949
2.96464
19.039
0.534641
140.345
128.575
141.154
0.182533
1
0
0.0801026
15
2
i = 365
9429
2290
2315
2302.46
0.0568194
3.55245
35.237
0.488097
316.585
297.27
313.629
0.0983208
1
0
0.138027
22
2
i = 366
8664
2293
2324
2303.37
0.358003
3.91527
15.1496
0.57511
269.71
135.305
148.279
0.576851
2
0
0.150399
25
1
i = 367
7988
2296
2311
2304.02
0.109532
3.4553
18.2819
0.50243
152.38
146.6
152.544
0.205597
1
0
0.274185
12
0
i = 368
7982
2295
2312
2304.16
0.183433
4.13641
12.0467
0.462044
119.405
118.855
119.01
0.323489
1
0
0.531387
14
0
i = 369
8636
2270
2334
2304.4
0.114043
12.7711
33.4187
0.258833
1052.4
1016.43
1054.34
0.106634
1
0
0.667311
61
1
i = 370
9449
2295
2327
2305.66
0.2506
3.69223
20.1481
0.554422
469.045
158.73
186.245
0.400842
2
0
0.43103
26
2
i = 371
8661
2294
2321
2306.16
0.152312
5.19435
15.9466
0.405468
206.835
194.655
205.517
0.222369
1
0
0.788345
24
1
i = 372
9445
2294
2319
2306.35
0.118152
3.78544
17.4928
0.472873
165.495
155.045
165.821
0.198123
1
0
0.0354887
22
2
i = 373
9428
2296
2318
2307.29
0.0583735
3.66752
34.8573
0.480623
318.985
302.635
319.409
0.0996322
1
0
0.0605199
19
2
i = 374
7989
2298
2315
2307.69
0.100894
3.56487
20.088
0.492396
175.415
170.54
174.176
0.1827
1
0
0.0886029
14
0
i = 375
7986
2287
2320
2309.68
0.330225
4.56593
15.5099
0.46951
429.1
203.08
174.746
0.483561
2
1
0.240805
27
0
i = 376
8660
2294
2320
2310.4
0.140324
4.60644
16.3938
0.432381
188.41
179.225
184.753
0.221762
1
0
0.258399
23
1
i = 377
9444
2296
2320
2310.81
0.105197
3.52903
18.9852
0.490421
167.965
159.515
166.814
0.183802
1
0
0.0485902
21
2
i = 378
8738
2303
2318
2310.89
0.264757
2.2881
6.06932
0.608253
35.305
31.015
34.7437
0.571142
1
0
0.0400745
12
1
i = 379
8737
2302
2323
2311.03
0.212931
3.14119
8.84344
0.519284
72.07
65.19
69.5427
0.392552
1
0
0.114161
18
1
i = 380
7990
2299
2320
2311.16
0.0885775
3.7917
23.4241
0.474393
220.995
207.94
219.502
0.151109
1
0
0.0499407
18
0
i = 381
9463
2301
2317
2311.31
0.128718
2.89173
14.2284
0.547385
100.58
94.66
99.4577
0.260271
1
0
0.0122497
13
2
i = 382
8032
2304
2320
2311.37
0.213208
3.38566
9.23123
0.504283
76.845
72.165
76.9473
0.392674
1
0
0.0162605
13
0
i = 383
9427
2301
2323
2312.18
0.0561513
3.51565
35.4742
0.490761
310.805
298.44
311.977
0.0977717
1
0
0.0878921
19
2
i = 384
7981
2297
2322
2312.51
0.157387
6.30002
18.2976
0.379108
266.725
264.13
265.244
0.236192
1
0
3.85901
22
0
i = 385
9450
2301
2322
2312.78
0.346782
4.89632
6.92462
0.423453
81.505
79.97
81.32
0.55485
1
0
0.241346
18
2
i = 386
8664
2293
2324
2313.67
0.442541
3.95284
12.345
0.565068
269.71
125.06
121.541
0.704786
2
1
0.150399
25
1
i = 387
7980
2302
2321
2314.65
0.25188
5.10975
11.3765
0.425812
131.91
128.285
126.67
0.431615
1
0
1.51996
16
0
i = 388
7991
2304
2325
2314.67
0.0938108
3.91631
22.4348
0.46589
216.335
204.38
218.464
0.156101
1
0
0.33098
18
0
i = 389
8659
2304
2326
2314.86
0.16029
4.62692
14.3263
0.43076
162.6
156.905
163.239
0.25091
1
0
0.15514
19
1
i = 390
9443
2303
2323
2314.92
0.106169
3.2772
18.1421
0.509444
148.13
137.57
147.516
0.193395
1
0
0.00279069
17
2
i = 391
9449
2295
2327
2315.22
0.151668
3.52745
32.1647
0.597836
469.045
300.255
284.211
0.255452
2
1
0.43103
26
2
i = 392
7987
2309
2321
2315.38
0.292917
3.23715
6.80684
0.529766
51.48
51.48
51.2261
0.62179
1
0
0.0516738
9
0
i = 393
8663
2310
2319
2315.7
0.21698
2.81938
10.2262
0.584067
62.005
62.005
59.8152
0.537611
1
0
0.0818506
6
1
i = 394
9426
2306
2327
2316.78
0.0612675
3.49582
32.4239
0.492279
283.98
257.84
283.199
0.107104
1
0
0.107683
18
2
i = 395
7992
2308
2331
2318.37
0.102094
4.15584
21.2433
0.452388
218.42
210.225
219.948
0.165126
1
0
0.106006
20
0
i = 396
9442
2308
2331
2319.31
0.110392
3.5668
18.1741
0.487179
165.27
153.655
162.281
0.190747
1
0
0.134618
20
2
i = 397
8658
2308
2335
2320.64
0.182703
5.91346
14.2674
0.382399
206.945
196.945
206.718
0.257108
1
0
0.658382
24
1
i = 398
8635
2290
2354
2321.38
0.111087
12.3908
33.7284
0.262242
1029.67
995.2
1037.32
0.104488
1
0
0.767763
61
1
i = 399
9425
2311
2332
2321.78
0.0626312
3.60237
32.2021
0.485079
289.135
274.635
289.549
0.107987
1
0
0.0184483
18
2
i = 400
7993
2313
2330
2322.02
0.103752
3.82802
20.2574
0.476271
188.955
181.56
188.283
0.183168
1
0
0.07731
14
0
i = 401
7988
2313
2335
2322.96
0.327783
6.34107
8.75511
0.383169
126.63
125.71
127.527
0.523647
1
0
1.30757
19
0
i = 402
7994
2312
2335
2325.38
0.0874836
3.92036
24.084
0.465859
235.68
218.915
234.303
0.145805
1
0
0.0438248
20
0
i = 403
9441
2314
2340
2326.09
0.0993381
4.6312
23.0338
0.428213
265.94
253.03
266.032
0.151677
1
0
0.372135
23
2
i = 404
9424
2313
2372
2326.44
0.0589256
3.5373
34.5287
0.492324
864.62
294.225
306.144
0.105849
3
0
0.0759251
50
2
i = 405
8657
2314
2342
2327.48
0.154606
5.40012
15.9987
0.397223
214.69
202.38
214.519
0.220248
1
0
0.345087
25
1
i = 406
7995
2319
2338
2328.68
0.0951478
3.87123
22.0436
0.470108
209.975
198.025
210.623
0.161554
1
0
0.183892
16
0
i = 407
7989
2318
2339
2330.12
0.23479
5.18636
10.7148
0.414721
132.245
130.35
130.9
0.377738
1
0
0.522452
18
0
i = 408
9423
2319
2351
2331.02
0.0758526
3.46855
33.3316
0.50227
666.39
266.98
289.755
0.142829
2
0
0.0441469
26
2
i = 409
7996
2315
2344
2332.01
0.0944761
4.13387
22.8645
0.452645
238.025
224.67
236.29
0.151803
1
0
0.0553985
26
0
i = 410
7964
2319
2351
2332.17
0.108967
2.83767
25.112
0.557976
475.68
170.92
178.621
0.205589
2
0
0.0993557
26
0
i = 411
7963
2327
2336
2332.18
0.099174
2.22757
16.5833
0.632742
87.42
86.295
85.9823
0.243295
1
0
0.145315
6
0
i = 412
7962
2324
2338
2332.3
0.108384
2.59845
15.8835
0.574279
102.34
98.11
101.148
0.225511
1
0
0.121918
11
0
i = 413
8597
2318
2340
2332.3
0.100478
2.95382
18.1844
0.536032
136.82
122.315
133.674
0.191862
1
0
0.0951224
19
1
i = 414
7965
2328
2335
2332.35
0.136095
1.97551
12.4613
0.687245
55.075
54.225
52.962
0.385266
1
0
0.368843
4
0
i = 415
8598
2322
2342
2332.44
0.0651456
2.99389
28.2147
0.531722
214.825
190.32
211.463
0.122835
1
0
0.171298
17
1
i = 416
8599
2324
2339
2332.45
0.0578493
2.84216
31.0629
0.548213
218.765
203.84
217.555
0.11424
1
0
0.143029
12
1
i = 417
8600
2324
2341
2332.72
0.0577951
2.96857
31.6814
0.534459
235.105
212.375
234.531
0.109863
1
0
0.0687661
14
1
i = 418
7966
2326
2351
2332.87
0.14168
2.76904
22.1129
0.650228
356.78
123.96
152.912
0.285534
2
0
0.113949
19
0
i = 419
8601
2326
2343
2333.48
0.064041
2.83276
27.9365
0.547281
198.19
182.395
197.771
0.124785
1
0
0.147472
14
1
i = 420
9440
2314
2356
2335.2
0.127036
6.61824
21.5132
0.357669
357.98
337.47
356.327
0.161185
1
0
0.244467
39
2
i = 421
7997
2319
2353
2335.5
0.0943577
4.10043
22.7963
0.454301
246.285
220.795
234.299
0.151959
1
0
0.473498
31
0
i = 422
7969
2327
2343
2335.59
0.0376793
3.10801
49.8355
0.52397
382.335
367.22
382.649
0.0709831
1
0
0.211596
13
0
i = 423
7968
2325
2344
2335.65
0.039127
3.3348
49.6462
0.504901
410.055
383.63
411.078
0.0705747
1
0
0.287038
16
0
i = 424
9421
2321
2371
2335.68
0.0122862
4.70163
187.481
0.42432
2588.46
2073.66
2208.16
0.018489
2
0
22.6119
44
2
i = 425
7967
2323
2349
2335.75
0.0695103
4.39321
32.0396
0.439185
349.63
325.35
351.742
0.108452
1
0
2.85034
23
0
i = 426
8656
2319
2352
2335.76
0.235141
8.5087
13.5706
0.324333
271.945
271.945
274.013
0.29808
1
0
0.829711
30
1
i = 427
7970
2325
2344
2335.9
0.0473296
3.64873
43.0896
0.484542
387.875
372.215
386.548
0.0830355
1
0
0.996628
16
0
i = 428
7971
2324
2346
2337.42
0.0538708
3.68771
37.9859
0.481041
353.955
329.645
346.179
0.0931944
1
0
2.63112
19
0
i = 429
8606
2323
2346
2337.68
0.0578678
4.21874
38.2356
0.453179
397.64
381.67
391.501
0.0968689
1
0
4.29237
20
1
i = 430
8605
2327
2351
2337.86
0.044734
3.58027
44.9349
0.486289
407.475
378.645
402.89
0.0771698
1
0
0.556331
21
1
i = 431
9422
2324
2372
2338.1
0.0544321
5.88851
47.472
0.380429
975.93
662.195
696.14
0.0742972
2
0
5.67166
42
2
i = 432
8602
2324
2353
2338.16
0.0705282
5.89823
36.7103
0.380869
525.46
511.595
535.217
0.0970331
1
0
10.1467
26
1
i = 433
8634
2303
2373
2338.17
0.117943
13.4776
33.1255
0.251387
1107.52
1056.75
1108.48
0.106258
1
0
0.637406
67
1
i = 434
8604
2329
2353
2339.11
0.0433829
4.91445
54.8419
0.419171
657.475
630.62
663.109
0.066769
1
0
16.3027
21
1
i = 435
7998
2329
2350
2339.12
0.0983183
4.01546
21.6885
0.460491
215.245
208.21
216.384
0.162179
1
0
0.249462
18
0
i = 436
8655
2328
2373
2339.24
9.88696
6.09635
6.44698
10.3841
305.215
91.245
95.8612
130.492
3
0
0.142308
36
1
i = 437
7972
2327
2346
2339.29
0.0698988
3.13154
27.0781
0.523672
210.915
201.22
207.605
0.133121
1
0
0.239615
16
0
i = 438
8603
2326
2353
2339.87
0.0343721
5.35564
71.7147
0.399253
932.54
905.445
950.515
0.04938
1
0
15.4192
24
1
i = 439
8607
2322
2350
2339.89
0.0804455
4.3093
27.491
0.444877
308.695
279.855
293.184
0.128584
1
0
7.8643
25
1
i = 440
7973
2330
2350
2340.98
0.0786033
3.06056
23.6452
0.526014
183.365
170.205
180.917
0.146726
1
0
0.263999
17
0
i = 441
7964
2319
2351
2341.66
0.0862849
3.38961
34.6611
0.510561
475.68
278.72
293.189
0.159661
2
1
0.0993557
26
0
i = 442
7966
2326
2351
2342.16
0.182022
3.86301
21.3725
0.485343
356.78
226.485
203.803
0.311357
2
1
0.113949
19
0
i = 443
9423
2319
2351
2342.24
0.0539068
3.28745
45.7636
0.51386
666.39
372.91
374.92
0.102819
2
1
0.0441469
26
2
i = 444
7974
2334
2350
2342.42
0.0782657
3.06111
23.7913
0.527483
179.795
173.7
180.402
0.147953
1
0
0.221513
13
0
i = 445
9424
2313
2372
2342.43
0.0586697
3.9018
36.3593
0.469599
864.62
331.005
355.607
0.100953
3
1
0.0759251
50
2
i = 446
7999
2332
2353
2342.57
0.0859771
3.9642
24.6326
0.463204
242.27
225.94
242.672
0.142385
1
0
0.063723
18
0
i = 447
8608
2333
2353
2342.63
0.0621043
3.25739
30.8751
0.509913
252.935
234.34
251.575
0.112408
1
0
0.0569091
17
1
i = 448
8040
2335
2352
2342.77
0.309825
3.22635
6.17269
0.51399
49.835
46.67
49.5046
0.571482
1
0
0.121263
14
0
i = 449
8703
2335
2351
2342.83
0.237
2.95491
7.71227
0.536204
57.24
51.885
56.7316
0.453456
1
0
0.206042
13
1
i = 450
7965
2337
2350
2342.91
0.0803944
2.75555
22.098
0.559192
149.29
137.87
149.924
0.164411
1
0
0.831863
10
0
i = 451
8039
2337
2349
2342.93
0.293669
2.71368
6.01623
0.565331
39.89
37.995
39.7732
0.614054
1
0
0.0345002
9
0
i = 452
7963
2338
2349
2343.63
0.144262
2.80451
12.6574
0.563882
84.345
81.31
84.1322
0.3158
1
0
0.174403
8
0
i = 453
7975
2336
2351
2343.83
0.0736734
2.98347
24.9752
0.534997
183.74
167.585
184.007
0.141893
1
0
0.10589
12
0
i = 454
8609
2336
2352
2344.67
0.0605009
3.24852
31.7961
0.513659
253.67
241.53
253.813
0.112609
1
0
0.127521
13
1
i = 455
7976
2337
2352
2345.26
0.0611853
3.10795
30.8115
0.526027
235.065
227.755
234.229
0.117315
1
0
0.232607
12
0
i = 456
9420
2322
2369
2345.5
2.45
15.6667
74.789
7.4789
2937.31
2937.31
2544.19
41.5355
1
0
129.074
1
2
i = 457
9425
2337
2374
2345.69
0.124074
3.06691
14.9987
0.52567
278.745
109.32
115.153
0.231759
2
0
0.0955899
31
2
i = 458
7962
2340
2351
2345.72
0.155041
2.77441
11.6999
0.566181
77.085
75.07
76.9943
0.339198
1
0
0.18715
8
0
i = 459
8000
2331
2354
2345.95
0.086132
3.74202
24.0186
0.478993
224.165
210.505
220.43
0.149975
1
0
0.247751
20
0
i = 460
8610
2331
2354
2346.47
0.0492383
3.24629
38.9947
0.512731
320.145
296.18
312.591
0.0908085
1
0
0.441835
20
1
i = 461
7977
2338
2353
2346.54
0.0521419
2.97648
35.3656
0.537065
257.905
239.91
257.738
0.10178
1
0
0.421883
12
0
i = 462
7978
2341
2353
2347.94
0.0751502
2.83319
24.4865
0.558351
166.01
158.59
163.989
0.160121
1
0
0.153974
9
0
i = 463
8611
2340
2354
2348.05
0.0590566
3.03476
31.8031
0.535217
233.355
230.6
232.725
0.117411
1
0
0.446631
11
1
i = 464
8001
2340
2359
2348.94
0.0881659
3.66648
23.1227
0.48219
209.515
198.445
210.521
0.152597
1
0
0.323272
16
0
i = 465
7979
2344
2354
2349.87
0.106037
2.51989
16.686
0.597007
98.47
98.47
97.0848
0.24815
1
0
0.271085
7
0
i = 466
9439
2331
2376
2350.12
0.352026
7.97894
18.9119
0.34179
567.715
333.22
375.345
0.402994
2
0
0.951495
39
2
i = 467
8655
2328
2373
2350.71
9.69336
6.49862
7.33341
7.23717
305.215
110.4
119.39
164.829
3
1
0.142308
36
1
i = 468
8612
2347
2353
2351
0.177305
1.77577
10.2584
0.731039
39.055
39.055
36.4863
0.531905
1
0
0.242964
3
1
i = 469
7980
2343
2367
2351.73
0.153673
3.18561
26.7748
0.548131
354.72
184.085
213.412
0.262297
2
0
0.150107
18
0
i = 470
8613
2344
2369
2352
0.8
5.33333
36.8763
3.68763
1022.12
493.04
465.278
6.9719
2
0
74.2193
1
1
i = 471
8002
2340
2363
2352.57
0.0953746
4.17583
22.7945
0.451309
237.495
225.235
236.351
0.153897
1
0
0.356861
20
0
i = 472
9419
2335
2369
2353.5
0.0221265
6.1003
118.727
0.373274
1765.94
1730.52
1801.26
0.0294968
1
0
49.7212
31
2
i = 473
8633
2322
2382
2353.73
0.101711
11.8046
35.9898
0.268956
1038.93
1014.97
1051.65
0.0984802
1
0
1.3304
57
1
i = 474
7981
2343
2366
2355.77
0.0782824
4.75059
29.7906
0.425596
342.195
334.6
346.718
0.12157
1
0
3.25706
20
0
i = 475
8003
2342
2364
2356.07
0.0844746
3.63748
24.1254
0.485522
217.735
207.925
215.52
0.148764
1
0
0.0699279
19
0
i = 476
7982
2345
2368
2357.13
0.0568947
3.78904
36.3517
0.472864
341.9
324.195
344.073
0.095548
1
0
0.750337
20
0
i = 477
7983
2347
2369
2358.35
0.0486161
3.3785
40.1635
0.500565
340.87
314.5
339.62
0.0863088
1
0
0.158308
19
0
i = 478
9418
2345
2372
2358.99
0.0168127
4.14252
128.601
0.452057
1338.15
1270.53
1333.42
0.0269562
1
0
37.7961
24
2
i = 479
8004
2341
2370
2359.15
0.0915432
3.95594
23.0892
0.462912
231.63
211.19
227.954
0.150647
1
0
0.176683
26
0
i = 480
7984
2351
2368
2359.54
0.0420726
3.20798
45.2804
0.514881
360.595
341.61
360.943
0.0774317
1
0
0.211791
14
0
i = 481
9417
2349
2370
2359.58
0.0471985
3.57814
42.5848
0.486665
380.03
362.345
380.548
0.0816138
1
0
0.0383692
18
2
i = 482
7980
2343
2367
2360.03
0.1916
2.85821
19.8861
0.621839
354.72
162.96
140.849
0.358392
2
1
0.150107
18
0
i = 483
7985
2352
2368
2360.62
0.0403047
3.00795
45.7965
0.532062
341.93
328.415
341.168
0.0768254
1
0
0.020086
13
0
i = 484
7979
2356
2366
2360.9
0.113796
2.40813
14.7257
0.603942
85.18
77.165
85.4155
0.259871
1
0
0.716125
7
0
i = 485
9438
2335
2387
2361
2.6
17.3333
21.1386
2.11386
918.53
918.53
795.618
12.9886
1
0
54.0139
1
2
i = 486
7967
2354
2368
2361
0.102037
3.06028
18.3405
0.530929
137.665
134.34
137.402
0.198505
1
0
0.0839424
11
0
i = 487
8614
2345
2375
2361.05
0.0301079
5.46934
82.6177
0.39424
1118.62
1062.04
1123.46
0.0423986
1
0
26.7602
27
1
i = 488
9427
2350
2372
2361.06
0.0647852
2.99002
28.3524
0.532017
216.16
192.295
212.439
0.122185
1
0
0.141997
19
2
i = 489
7966
2353
2370
2361.28
0.0988043
3.01905
18.6913
0.530101
141.125
134.87
140.763
0.18644
1
0
0.219553
14
0
i = 490
7968
2354
2368
2361.35
0.126755
3.03526
14.7076
0.53306
109.58
107.02
109.034
0.247507
1
0
0.142554
11
0
i = 491
7986
2350
2368
2361.37
0.0612591
2.89157
29.5911
0.543464
213.8
196.64
210.918
0.119898
1
0
0.15258
15
0
i = 492
9426
2352
2369
2361.37
0.0845263
2.98529
21.7369
0.533438
161.845
147.2
161.247
0.160869
1
0
0.025552
14
2
i = 493
7978
2356
2367
2361.57
0.0820691
2.6497
21.4208
0.5758
136.01
132.76
136.415
0.178746
1
0
0.790083
8
0
i = 494
9428
2353
2370
2361.72
0.07337
2.87965
24.5752
0.542463
176.71
161.435
176.687
0.141394
1
0
0.0122934
14
2
i = 495
7965
2353
2369
2361.79
0.105096
3.13617
17.9664
0.522135
139.47
131.735
138.802
0.197995
1
0
0.365438
13
0
i = 496
7964
2353
2369
2361.98
0.115611
2.98433
15.9173
0.534639
118.185
105.36
117.309
0.222134
1
0
0.114988
13
0
i = 497
7977
2355
2368
2362.08
0.084131
2.68947
20.8272
0.565136
136.315
132.74
137.092
0.172934
1
0
0.442059
10
0
i = 498
9421
2321
2371
2362.14
0.0340081
2.94084
53.5697
0.536563
2588.46
360.435
394.046
0.0647344
2
1
22.6119
44
2
i = 499
9429
2354
2373
2362.17
0.0951099
2.86092
18.895
0.544145
137.065
124.795
135.325
0.183758
1
0
0.157795
16
2
i = 500
7987
2357
2366
2362.19
0.21394
2.16517
7.53525
0.639785
38.625
38.565
38.2152
0.525201
1
0
0.0963983
6
0
i = 501
9430
2355
2375
2362.24
0.0977909
2.98223
18.7945
0.53423
143.385
126.93
139.853
0.187026
1
0
0.307797
17
2
i = 502
7963
2354
2369
2362.24
0.121857
2.80593
14.6344
0.551047
101.705
95.305
101.556
0.240816
1
0
0.094826
12
0
i = 503
8612
2355
2369
2362.32
0.0155619
2.8368
115.373
0.549112
805.225
757.9
806.419
0.0308519
1
0
2.99388
11
1
i = 504
7976
2355
2368
2362.48
0.0862484
2.66762
20.3052
0.568711
132.305
127.63
131.622
0.17983
1
0
0.134196
10
0
i = 505
7962
2355
2369
2362.54
0.099392
2.85381
18.1381
0.548006
127.195
118.845
127.128
0.19733
1
0
0.114723
11
0
i = 506
9431
2353
2372
2362.57
0.0839808
3.18106
22.5645
0.516061
179.59
168.735
179.357
0.153902
1
0
0.00942329
16
2
i = 507
7969
2354
2370
2362.62
0.117387
2.94717
15.5578
0.537207
114.82
103.27
113.735
0.22546
1
0
0.151532
13
0
i = 508
9425
2337
2374
2362.84
0.0853184
3.02152
21.6445
0.529318
278.745
154.555
163.899
0.160184
2
1
0.0955899
31
2
i = 509
7975
2353
2371
2363.03
0.0899157
2.97371
20.3838
0.53405
153.775
137.565
151.031
0.170853
1
0
0.313959
15
0
i = 510
8005
2351
2373
2363.07
0.0871863
3.89404
24.0705
0.467118
232.025
218.9
233.025
0.14536
1
0
0.125186
19
0
i = 511
8611
2356
2370
2363.22
0.0216842
2.94923
84.5549
0.539584
611.195
571.305
612.281
0.0425285
1
0
1.97315
11
1
i = 512
7961
2355
2371
2363.38
0.0924114
3.04176
20.0818
0.529021
150.765
145.995
151.422
0.175048
1
0
0.136258
13
0
i = 513
9422
2324
2372
2363.5
0.0453505
2.94102
40.1839
0.536679
975.93
269.52
295.311
0.0864258
2
1
5.67166
42
2
i = 514
7970
2356
2372
2363.6
0.0948808
2.78363
18.6885
0.551969
129.025
120.335
129.893
0.186316
1
0
0.0647662
13
0
i = 515
9416
2353
2377
2363.86
0.052509
3.47861
37.7326
0.493303
330.47
298.04
328.796
0.091864
1
0
0.0636586
21
2
i = 516
7974
2356
2371
2363.89
0.0921477
2.97408
19.9376
0.535843
147.305
132.485
146.39
0.177759
1
0
0.138922
12
0
i = 517
8610
2356
2371
2363.9
0.0928432
2.95965
19.7375
0.537052
143.24
131.575
144.271
0.179394
1
0
0.198682
12
1
i = 518
7971
2355
2370
2363.92
0.09895
2.95278
18.627
0.540474
135.25
123.775
133.798
0.195988
1
0
0.0549715
12
0
i = 519
9424
2313
2372
2363.99
0.0669952
2.95489
27.2684
0.535664
864.62
180.025
200.901
0.127617
3
2
0.0759251
50
2
i = 520
8616
2351
2382
2364.03
0.0577362
5.86394
44.783
0.382196
644.065
617.255
650.451
0.0798865
1
0
18.6863
28
1
i = 521
7972
2354
2372
2364.06
0.0857579
3.00103
21.4723
0.531703
160.95
154.46
160.464
0.16233
1
0
0.0986676
15
0
i = 522
7973
2357
2373
2364.28
0.0811991
2.86789
22.1808
0.544354
156.485
147.55
158.625
0.157804
1
0
0.386679
13
0
i = 523
9423
2356
2372
2364.35
0.0431737
2.90389
41.9645
0.540774
301.78
280.1
303.088
0.0832469
1
0
0.163653
13
2
i = 524
9432
2352
2393
2364.36
0.0791927
3.34211
24.5219
0.503215
478.14
189.97
205.419
0.141274
2
0
0.039525
35
2
i = 525
8613
2344
2369
2364.5
2.05
3
70.3507
7.03507
1022.12
529.085
481.313
7.4816
2
1
74.2193
1
1
i = 526
8655
2328
2373
2364.62
0.562644
3.66087
10.0361
1.79509
305.215
100.625
90.6717
2.77122
3
2
0.142308
36
1
i = 527
9439
2331
2376
2364.84
0.170089
4.00436
19.1951
0.788108
567.715
218.115
191.935
0.47026
2
1
0.951495
39
2
i = 528
7960
2352
2373
2365.03
0.127015
3.47855
15.6552
0.495531
138.355
124.05
134.369
0.226737
1
0
0.302442
18
0
i = 529
8617
2352
2376
2365.46
0.148835
4.68079
15.5129
0.427681
178.365
173.29
178.879
0.230238
1
0
0.572546
21
1
i = 530
8654
2338
2385
2365.49
0.356285
9.55279
17.0969
0.307693
444.105
340.035
399.193
0.374652
2
0
2.32021
41
1
i = 531
8006
2355
2376
2365.82
0.0878331
4.00103
24.2309
0.461246
241.195
231.085
240.601
0.145038
1
0
0.251172
18
0
i = 532
8615
2350
2382
2366
1.6
10.6667
38.1151
3.81151
1019.21
1019.21
882.641
14.4122
1
0
65.8697
1
1
i = 533
7953
2358
2374
2366.27
0.239442
3.32869
8.13098
0.507576
66.195
63.535
66.5726
0.440779
1
0
0.235213
13
0
i = 534
8632
2343
2385
2366.96
0.118517
9.24398
27.6961
0.306925
619.18
610.315
620.635
0.135529
1
0
0.743653
39
1
i = 535
9437
2357
2388
2366.98
0.0724239
3.61133
33.9174
0.495142
900.935
288.94
306.477
0.137558
2
0
0.227833
25
2
i = 536
7959
2354
2376
2367.25
0.101575
3.09834
18.4127
0.522924
146.78
134.725
142.464
0.188649
1
0
0.234543
19
0
i = 537
7954
2357
2377
2367.27
0.0974499
3.736
21.0953
0.477041
196.245
184.71
195.871
0.166088
1
0
0.569428
17
0
i = 538
9433
2359
2394
2367.29
0.0746184
3.03379
24.822
0.528985
492.56
179.79
188.422
0.140695
2
0
0.0510653
29
2
i = 539
7958
2358
2380
2368.34
0.0792121
3.0232
23.317
0.529097
180.27
167.42
176.651
0.148582
1
0
0.247416
19
0
i = 540
9415
2357
2402
2368.36
0.0576671
3.61774
35.0379
0.483718
511.695
300.605
317.574
0.0989238
2
0
0.127752
39
2
i = 541
9434
2358
2392
2368.64
0.0560353
2.97643
33.0639
0.536296
557.96
223.28
246.662
0.109048
2
0
0.0655522
28
2
i = 542
7955
2358
2378
2368.96
0.103782
3.86918
20.1991
0.469834
193.85
180.905
192.975
0.175612
1
0
0.381712
17
0
i = 543
7957
2359
2381
2369.08
0.0779169
3.08226
23.9353
0.524022
188.635
174.66
184.855
0.144767
1
0
0.240121
19
0
i = 544
8007
2358
2378
2369.37
0.0889667
3.76991
23.271
0.476134
216.83
206.555
216.371
0.152745
1
0
0.233337
17
0
i = 545
9435
2362
2391
2369.53
0.0884267
2.91739
22.0213
0.547067
490.375
150.505
160.58
0.183464
2
0
0.0179781
23
2
i = 546
7956
2357
2378
2369.75
0.0970296
3.22135
19.6692
0.513445
162.12
147.325
157.574
0.177656
1
0
0.255355
18
0
i = 547
9436
2360
2388
2370.56
0.187715
3.23823
17.0285
0.521162
501.175
124.865
138.179
0.337379
2
0
0.0393282
22
2
i = 548
8008
2363
2380
2372.16
0.0874424
3.63079
23.3231
0.487253
207.075
201.27
206.948
0.155933
1
0
0.215922
14
0
i = 549
9414
2362
2400
2372.61
0.0551808
3.44414
35.7289
0.495807
512.795
282.005
308.267
0.0970561
2
0
0.0398801
32
2
i = 550
8009
2368
2382
2375.57
0.11419
3.31073
17.2402
0.514835
137.635
133.32
136.866
0.221942
1
0
0.0733953
11
0
i = 551
9413
2368
2401
2377.35
0.0706869
3.59428
28.7006
0.488407
447.95
246.04
257.804
0.125374
2
0
0.0352571
27
2
i = 552
8653
2355
2386
2378.09
0.0353892
3.62747
57.5073
0.486184
586.53
489.185
512.342
0.0624038
1
0
19.7438
28
1
i = 553
7989
2371
2384
2378.34
0.0562222
2.85943
32.3967
0.551341
225.135
214.205
223.437
0.115107
1
0
0.253114
10
0
i = 554
8654
2338
2385
2378.4
0.261395
2.32956
6.35888
0.833762
444.105
80.885
36.977
1.10517
2
1
2.32021
41
1
i = 555
9437
2357
2388
2378.48
0.0306184
3.15475
75.6917
0.522463
900.935
588.8
597.33
0.0590208
2
1
0.227833
25
2
i = 556
7990
2371
2385
2378.53
0.0289488
2.90015
62.8272
0.544066
447.725
417.735
446.702
0.057228
1
0
0.349197
11
0
i = 557
8652
2371
2386
2378.95
0.0230772
2.96985
79.5634
0.536269
583.575
529.94
583.113
0.0445662
1
0
0.322208
12
1
i = 558
8010
2373
2384
2379.12
0.154249
2.96711
12.488
0.553996
86.04
84.955
85.3066
0.343247
1
0
0.325174
8
0
i = 559
7991
2371
2387
2379.36
0.0318787
3.01802
57.9754
0.53096
433.985
418.58
434.044
0.0605517
1
0
0.107007
13
0
i = 560
9436
2360
2388
2379.72
0.0609753
2.93244
49.6756
0.552736
501.175
350.12
363.747
0.112085
2
1
0.0393282
22
2
i = 561
8651
2371
2391
2380.18
0.0298177
2.98918
61.5968
0.532179
461.67
419.815
461.146
0.0562843
1
0
0.673212
17
1
i = 562
7992
2372
2391
2380.72
0.0365071
2.99147
50.3342
0.53209
377.92
338.84
376.868
0.0689497
1
0
0.221143
16
0
i = 563
9435
2362
2391
2380.75
0.0440395
2.96126
44.5248
0.542403
490.375
311.97
330.342
0.090158
2
1
0.0179781
23
2
i = 564
8650
2369
2390
2381.63
0.0360675
3.07622
51.679
0.524971
398.795
376.44
396.47
0.0673222
1
0
0.229241
18
1
i = 565
9434
2358
2392
2381.79
0.0437525
2.94063
42.0968
0.539476
557.96
281.065
310.157
0.0856222
2
1
0.0655522
28
2
i = 566
9412
2369
2402
2381.91
0.0679929
3.4575
33.7025
0.505487
485.845
268.25
292.074
0.131988
2
0
0.0436806
27
2
i = 567
7993
2372
2392
2381.92
0.0398306
3.03192
46.439
0.528375
351.985
332.225
352.569
0.0746283
1
0
0.149303
17
0
i = 568
8011
2372
2399
2382.62
0.167505
3.66245
22.423
0.493825
410.01
186.93
205.611
0.279936
2
0
0.0592279
21
0
i = 569
9433
2359
2394
2383.03
0.0454776
2.98994
40.4159
0.532393
492.56
274.405
302.838
0.0860549
2
1
0.0510653
29
2
i = 570
8649
2372
2392
2383.18
0.0400359
3.0549
46.3827
0.526555
357.805
336.815
354.052
0.0748362
1
0
0.309634
17
1
i = 571
7994
2374
2394
2383.34
0.0433658
3.10466
43.1648
0.52223
335.855
317.71
335.504
0.0803488
1
0
0.168843
17
0
i = 572
9432
2352
2393
2384.34
0.0504086
2.97927
36.379
0.533179
478.14
245.96
270.868
0.0953997
2
1
0.039525
35
2
i = 573
8648
2376
2392
2384.68
0.0434646
2.9815
42.277
0.534352
311.97
284.125
312.246
0.0831708
1
0
0.222407
13
1
i = 574
7995
2375
2394
2384.7
0.0457581
3.07434
40.7088
0.524834
314.635
295.13
312.942
0.0852233
1
0
0.221602
16
0
i = 575
9431
2377
2393
2385.47
0.0541272
2.96304
33.8262
0.535686
248.53
227.825
248.788
0.10361
1
0
0.0555475
13
2
i = 576
8631
2351
2408
2385.75
0.0957504
11.7097
38.6909
0.272733
1098.56
1063.35
1098.3
0.0973455
1
0
47.2739
54
1
i = 577
7996
2376
2395
2385.84
0.0473526
2.98134
38.7368
0.532899
288.355
259.19
288.905
0.0895158
1
0
0.0615945
16
0
i = 578
8647
2375
2396
2385.95
0.044823
3.06069
41.4615
0.525867
320.95
299.17
317.792
0.0835735
1
0
0.259226
18
1
i = 579
9430
2377
2394
2386.38
0.0577578
2.93219
31.5201
0.538075
229.37
211.375
229.886
0.110756
1
0
0.0389395
14
2
i = 580
8646
2376
2397
2386.67
0.0450281
2.92111
40.3199
0.53826
298.175
267.61
295.103
0.085922
1
0
0.193605
18
1
i = 581
7997
2378
2399
2386.71
0.0500421
2.97919
36.6442
0.533166
278.045
245.03
273.379
0.0946918
1
0
0.428166
18
0
i = 582
9429
2378
2396
2386.72
0.0528432
2.93536
34.4456
0.537148
252.385
229.085
252.908
0.100749
1
0
0.0183196
15
2
i = 583
9428
2378
2396
2386.96
0.0568258
2.96603
32.1987
0.534375
238.75
213.645
238.77
0.107791
1
0
0.0124019
15
2
i = 584
9422
2378
2394
2387.07
0.0651975
2.98051
28.2166
0.535153
208.15
191.565
207.493
0.125533
1
0
0.00821747
13
2
i = 585
7998
2379
2401
2387.07
0.0507709
2.96499
36.0426
0.534723
270.225
243.54
267.382
0.0965248
1
0
0.13135
19
0
i = 586
8645
2376
2400
2387.09
0.0453338
2.96323
40.3355
0.534413
306.17
271.53
299.584
0.0858833
1
0
0.476614
21
1
i = 587
9423
2377
2397
2387.09
0.0582424
2.92653
31.2012
0.537777
228.54
209.37
228.711
0.111049
1
0
0.0115265
17
2
i = 588
8003
2379
2394
2387.14
0.0528143
2.81951
33.841
0.549629
235.58
222.105
236.125
0.104044
1
0
0.226101
12
0
i = 589
8640
2379
2395
2387.15
0.0492861
2.7449
35.7194
0.555672
244.97
229.115
244.706
0.0973258
1
0
0.0361878
13
1
i = 590
8641
2379
2397
2387.15
0.0489807
2.87382
36.7738
0.542958
266.265
242.59
264.433
0.0944478
1
0
0.146503
15
1
i = 591
9424
2378
2397
2387.16
0.0633849
2.9041
28.5606
0.539898
208.895
190.27
207.693
0.121366
1
0
0.0506288
16
2
i = 592
8004
2379
2394
2387.16
0.0568389
2.85779
31.6705
0.546209
223.725
209.39
223.683
0.111469
1
0
0.168951
12
0
i = 593
9421
2376
2396
2387.17
0.0674422
2.90026
26.8254
0.540285
196.925
178.605
194.633
0.129251
1
0
0.111698
17
2
i = 594
7999
2379
2394
2387.18
0.0509126
2.85408
35.3346
0.546568
249.195
233.57
249.224
0.099915
1
0
0.114163
12
0
i = 595
8639
2376
2395
2387.2
0.0542537
2.83447
32.9758
0.546833
234.91
215.995
233.165
0.105441
1
0
0.0834503
16
1
i = 596
8002
2379
2395
2387.2
0.054157
2.83264
33.0296
0.547229
232.045
217.225
233.162
0.10547
1
0
0.144442
13
0
i = 597
8001
2379
2395
2387.23
0.0546034
2.88129
33.0454
0.542751
236.585
219.515
237.053
0.105576
1
0
0.0888302
13
0
i = 598
8644
2377
2395
2387.25
0.0468573
2.91532
38.7313
0.539415
282.46
258.56
281.244
0.0899549
1
0
0.0359117
15
1
i = 599
8642
2379
2394
2387.29
0.0489264
2.83549
36.6565
0.548447
257.425
240.295
256.695
0.0964047
1
0
0.102441
12
1
i = 600
9427
2378
2396
2387.3
0.0613837
2.90733
29.5105
0.539705
214.265
196.595
214.489
0.11757
1
0
0.0148558
15
2
i = 601
8000
2379
2395
2387.33
0.0503716
2.80964
35.3671
0.549448
246.24
231.12
247.597
0.098486
1
0
0.207799
13
0
i = 602
8643
2380
2395
2387.37
0.048156
2.85679
37.3384
0.545752
263.86
246.39
265.003
0.0940241
1
0
0.132347
12
1
i = 603
9425
2376
2396
2387.41
0.0610379
2.97905
30.0433
0.533217
226.65
202.29
223.625
0.115538
1
0
0.118612
17
2
i = 604
9426
2379
2395
2387.41
0.0576132
2.83868
31.0856
0.546759
219.33
203.68
219.678
0.112185
1
0
0.0492287
13
2
i = 605
8005
2379
2394
2387.43
0.0634886
2.89881
28.6038
0.543214
204.54
189.985
203.972
0.124541
1
0
0.212444
12
0
i = 606
9420
2376
2394
2387.51
0.0757323
2.95917
24.262
0.53815
179.34
163.03
176.172
0.147676
1
0
0.0915702
15
2
i = 607
8638
2377
2396
2387.79
0.0561095
2.97328
32.6563
0.533909
243.295
217.995
242.25
0.106465
1
0
0.0397519
16
1
i = 608
8006
2380
2394
2387.88
0.0672042
2.84529
26.8447
0.549688
187.155
173.82
186.654
0.134587
1
0
0.196732
11
0
i = 609
9419
2376
2395
2387.97
0.0691257
2.93074
26.3654
0.539079
194.995
173.12
191.239
0.133557
1
0
0.144288
16
2
i = 610
9418
2379
2397
2388.41
0.0700531
2.89287
25.7943
0.541056
186.765
171.09
186.527
0.134513
1
0
0.0173698
15
2
i = 611
8007
2381
2395
2388.6
0.0642196
2.81539
27.8728
0.551478
192.295
181.18
192.881
0.128104
1
0
0.388532
11
0
i = 612
8637
2380
2396
2388.62
0.0549501
2.90286
32.9758
0.541092
237.035
219.06
237.691
0.106168
1
0
0.14796
13
1
i = 613
9417
2379
2397
2389.11
0.0660299
2.94503
27.6232
0.536638
202.245
186.2
202.701
0.126069
1
0
0.0265523
15
2
i = 614
9411
2372
2404
2389.36
0.071429
5.5385
35.0253
0.391455
470.43
463.835
483.384
0.099601
1
0
6.12981
29
2
i = 615
8008
2382
2395
2389.45
0.0628323
2.81506
28.7649
0.555482
195.63
187.995
195.3
0.12946
1
0
0.485244
10
0
i = 616
8636
2380
2398
2389.63
0.0547202
3.024
33.7703
0.529445
254.51
243.085
254.743
0.102982
1
0
0.147269
15
1
i = 617
9416
2381
2399
2389.96
0.065018
2.95164
28.0729
0.535661
207.72
185.43
207.19
0.123614
1
0
0.0395847
15
2
i = 618
8012
2376
2402
2390.03
0.0770441
5.24731
31.7253
0.404033
405.565
394.585
410.171
0.112678
1
0
6.76429
23
0
i = 619
8009
2384
2397
2390.53
0.0681563
2.82683
26.378
0.552176
182.145
172.355
182.601
0.137687
1
0
0.219849
10
0
i = 620
8635
2381
2400
2390.61
0.0542666
3.06792
34.2899
0.525371
263.275
249.84
263.097
0.101166
1
0
0.0345002
16
1
i = 621
9415
2357
2402
2390.86
0.0724016
2.99729
25.4006
0.531368
511.695
169.705
190.803
0.136381
2
1
0.127752
39
2
i = 622
8010
2386
2396
2391.52
0.0748966
2.44848
22.7744
0.601394
133.055
125.325
131.745
0.172684
1
0
0.188305
7
0
i = 623
8634
2384
2400
2391.63
0.0539365
2.9517
33.8745
0.536586
248.05
227.505
248.999
0.103332
1
0
0.125904
13
1
i = 624
9414
2362
2400
2391.71
0.0678398
3.01111
27.1822
0.530582
512.795
195.125
204.204
0.127953
2
1
0.0398801
32
2
i = 625
8013
2378
2403
2391.98
0.0546563
4.24189
40.0644
0.447372
421.855
401.72
423.113
0.0871493
1
0
2.68821
22
0
i = 626
8011
2372
2399
2392.05
0.116989
2.95216
27.9963
0.58695
410.01
212.985
204.244
0.218611
2
1
0.0592279
21
0
i = 627
8630
2367
2404
2392.29
0.0768049
5.85888
33.9063
0.384251
514.395
461.39
484.177
0.108721
1
0
15.3749
34
1
i = 628
9413
2368
2401
2392.51
0.0742009
3.03689
25.1557
0.530107
447.95
183.695
190.708
0.141931
2
1
0.0352571
27
2
i = 629
9410
2380
2403
2392.77
0.0437105
3.98288
48.5506
0.46179
478.83
447.355
481.038
0.0719966
1
0
1.18323
20
2
i = 630
8633
2385
2402
2392.85
0.056427
2.93714
32.283
0.53744
236.825
213.5
236.802
0.107951
1
0
0.192937
14
1
i = 631
9412
2369
2402
2393.25
0.0839142
3.0051
25.6892
0.535806
485.845
205.365
192.943
0.167544
2
1
0.0436806
27
2
i = 632
8014
2377
2402
2393.8
0.0454422
3.53118
44.0662
0.491595
387.745
371.93
384.466
0.0803426
1
0
0.897105
22
0
i = 633
8632
2387
2399
2393.86
0.0635859
2.7218
28.1062
0.567014
184.66
177.1
182.834
0.13544
1
0
0.0629974
9
1
i = 634
8629
2382
2403
2394
0.258133
4.36527
8.68571
0.444819
95.175
87.395
92.4185
0.421776
1
0
0.486647
18
1
i = 635
8015
2387
2405
2394.99
0.0624515
3.13693
30.1592
0.520399
234.375
222.815
236.093
0.115963
1
0
0.22311
15
0
i = 636
9409
2383
2403
2395.21
0.0467041
3.24778
41.0805
0.512102
332.485
313.14
330.363
0.0857276
1
0
0.398693
17
2
i = 637
8016
2386
2403
2395.63
0.217243
2.97679
8.44948
0.534512
62.41
56.81
62.3831
0.415131
1
0
0.0737499
14
0
i = 638
2608
2416
2433
2424.67
0.159971
3.01158
11.5297
0.530725
86.24
82.41
86.5481
0.302149
1
0
0.0902626
14
0
i = 639
4609
2415
2431
2424.8
0.170732
3.18067
11.2641
0.522329
87.39
84.06
86.5299
0.330286
1
0
0.00536879
13
2
i = 640
3755
2418
2430
2424.81
0.186653
2.69247
9.49769
0.56928
61.56
59.82
61.3388
0.397219
1
0
0.108768
9
1
i = 641
2607
2414
2434
2424.84
0.244395
3.34082
7.94783
0.503754
66.855
61.065
66.2268
0.437741
1
0
0.0691533
17
0
i = 642
3756
2419
2431
2424.87
0.172559
2.63746
10.0717
0.572127
64.895
61.915
65.0238
0.362232
1
0
0.016558
9
1
i = 643
4608
2414
2432
2425.16
0.14703
3.23914
13.1051
0.51527
105.15
99.585
103.757
0.276222
1
0
0.0239859
15
2
i = 644
9428
2419
2442
2431.7
0.155223
4.12819
13.9254
0.453883
144.055
135.95
142.755
0.251856
1
0
0.0774285
20
2
i = 645
7975
2418
2443
2432.29
0.309923
4.55558
7.33673
0.432716
82.41
79.17
82.6985
0.481948
1
0
0.148956
22
0
i = 646
8623
2425
2442
2433.88
0.279539
4.0607
7.79047
0.464975
76.04
75.385
76.1079
0.491153
1
0
0.13896
14
1
i = 647
7976
2423
2443
2434.88
0.161259
4.45819
14.2651
0.443682
152.7
148.315
152.08
0.270116
1
0
0.455935
17
0
i = 648
8622
2419
2450
2435.27
0.0911836
4.49228
24.6918
0.434063
278.145
257.99
277.808
0.140336
1
0
0.349073
28
1
i = 649
9426
2423
2445
2435.7
0.136517
3.95251
15.5134
0.464518
151.305
141.705
151.67
0.22783
1
0
0.0837525
19
2
i = 650
8621
2423
2445
2435.97
0.141945
4.31338
15.6776
0.446834
166.565
158.735
165.344
0.231815
1
0
0.216291
19
1
i = 651
7978
2426
2444
2436.08
0.243006
4.05616
8.94725
0.4637
87.42
86.29
87.5376
0.420911
1
0
0.190063
15
0
i = 652
7977
2425
2444
2436.24
0.116759
3.87011
18.1194
0.472884
170.98
163.95
170.315
0.203529
1
0
0.306218
16
0
i = 653
9427
2424
2446
2436.62
0.0762437
3.74446
26.9971
0.476458
252.87
238.08
251.141
0.129756
1
0
0.56769
19
2
i = 654
8045
2789
2810
2797.41
2.70289
3.75302
5.79849
1.74873
93.12
43.83
54.0442
9.56977
2
0
0.154832
15
0
i = 655
8699
2785
2813
2800.81
0.167671
4.60463
13.6042
0.42926
157.595
148.875
156.13
0.256261
1
0
0.266508
25
1
i = 656
9431
2791
2810
2800.86
0.290751
3.82616
7.17
0.472692
67.72
64.675
67.728
0.495749
1
0
0.154377
16
2
i = 657
9432
2788
2812
2801.12
0.129798
4.90333
18.2253
0.418407
217.445
210.74
219.592
0.197319
1
0
1.39667
21
2
i = 658
8046
2791
2809
2801.35
0.187585
4.26863
12.0437
0.454955
123.255
120.72
122.17
0.325887
1
0
0.618532
15
0
i = 659
8700
2789
2812
2801.61
0.261858
4.18434
8.31159
0.450907
86.715
82.885
86.3268
0.422348
1
0
0.208445
20
1
i = 660
8045
2789
2810
2803.84
1.64224
2.83113
5.62082
3.58766
93.12
46.445
39.003
11.3515
2
1
0.154832
15
0
